5.03251 7.269838
6.225591 9.166293
3.100526 2.818125
3.63359 4.067918
-0.5357836 -3.74712
-2.579702 -8.1904
3.15246 2.945882
2.513074 1.903251
3.644512 4.206361
7.247104 11.8737
8.188971 13.61576
-0.6828004 -4.247055
0.3715412 -1.946317
-0.7897045 -4.545888
9.913787 16.34166
8.854539 15.16996
-1.694651 -6.919548
6.310884 9.540387
-3.621557 -10.08002
3.473775 3.974214
1.553344 -0.3814107
1.921985 1.166683
-0.01125518 -3.337461
5.987538 9.023818
-2.172789 -7.28761
-1.535342 -6.289445
-3.697206 -10.02997
8.920432 15.37735
1.244526 -0.548
-2.529858 -8.38321
5.333232 7.58266
7.529251 11.96221
9.777086 16.05825
2.79586 2.731745
7.125832 10.88437
0.8705309 -1.215652
6.982944 10.45762
9.846392 17.05111
-0.528721 -4.314618
3.398397 4.274502
-3.50435 -10.169
4.730701 6.269199
-3.675486 -10.37645
3.901692 4.552022
-2.172213 -7.510011
-1.41839 -6.564402
5.272413 7.114825
1.814575 0.9708459
-1.82164 -7.248687
6.391494 9.6273
