-2.137868 3.103367 4.942555 0.00417898 -0.8921589 4 1 -28.83734
-1.0614 2.082663 3.66163 0.09433143 -3.012215 3 0 -21.7697
3.642472 4.547617 3.042806 0.1579396 -0.975084 3 1 -13.56946
-3.873519 1.403547 2.615567 0.02702164 1.453102 3 1 -16.4244
-1.107625 3.92748 4.204881 0.03868787 -0.208575 2 1 -23.82595
0.8584798 3.117125 0.5756333 0.05966837 -2.814126 4 0 1.821753
-2.116039 6.022322 6.002595 0.1493747 1.241864 4 0 -29.79853
3.143092 6.059145 4.65146 0.0790764 0.7838634 3 0 -20.90121
-2.135897 2.547296 0.7516489 0.03902305 -0.2720259 4 1 -0.2302779
-0.2614336 3.173905 0.6698644 0.03306999 -0.5729755 2 1 -1.12131
2.543508 1.337183 0.7731977 0.003883365 0.262939 3 0 -3.441719
3.210637 5.642861 2.404521 0.370428 8.88029 3 1 -6.882341
-2.875201 1.462384 0.2232174 1.022107 1.720018 2 1 -1.161684
-0.1046162 5.532431 0.6758608 0.4611216 0.6805934 4 0 6.021809
4.509046 6.746304 0.1051745 0.1854762 -0.3723631 4 0 12.48352
0.4914197 2.341038 1.258514 0.03032966 3.408688 3 0 -4.728137
0.1408398 1.268178 1.155171 0.2549779 -0.2392384 4 1 -5.174368
-1.525741 1.144691 0.5328501 0.04000694 1.285187 4 1 -2.087026
-2.990578 3.576695 4.005013 0.2472291 0.2708522 5 0 -20.04422
3.3455 5.643207 0.09343381 0.1911827 0.7484317 4 1 11.146
-2.498017 1.153071 10.34303 0.1837291 3.138441 2 1 -72.15282
1.281401 6.305907 4.341823 0.07155586 -0.4265787 3 1 -17.90017
4.238236 2.301947 0.7946475 0.3184025 -0.1397779 4 0 -1.166367
2.880262 4.502525 3.621317 0.02032077 -0.1635705 3 1 -16.87168
-0.07369714 3.910699 2.584778 0.428153 0.9163365 1 0 -12.74968
2.529914 5.74596 0.9756961 0.07816483 -1.399602 3 1 4.645474
-0.4819551 6.090224 0.2101298 0.08531311 -0.5274277 2 1 8.19114
-2.829351 6.456709 0.4642869 0.1199255 -0.1541764 4 1 9.507121
1.06803 3.609994 2.580567 0.04039044 0.5392516 3 0 -12.38828
-0.3343109 4.92223 1.835378 0.1217542 1.910802 4 1 -3.617729
-0.4991123 4.128207 0.6652565 0.02667672 0.183728 3 0 2.666237
1.166363 3.912753 3.316018 0.01117666 -0.1028949 5 0 -14.07288
1.733925 6.394714 0.5889126 0.01522283 -2.321418 4 1 8.350481
-3.194769 4.481981 1.292902 0.2900801 0.5300208 2 1 -2.269184
3.140787 5.71388 4.566901 0.2761806 0.2705042 1 1 -23.02793
-0.5422548 2.619127 1.553151 0.2303436 1.196863 2 1 -7.628032
3.096412 5.762922 0.1916135 0.08333996 0.6798999 5 0 11.50915
3.898 4.538276 1.392282 0.3242602 0.8943001 3 0 -1.511534
-1.672609 1.319832 3.070217 0.07483089 0.1355786 1 1 -21.80126
-3.535839 4.872415 1.918981 0.006019598 -0.176309 5 1 -3.549767
2.759278 6.842567 0.5579615 0.1127078 0.07578425 5 0 10.72859
-3.019199 6.973824 0.6969488 0.08692669 0.7987737 3 0 7.961456
1.172682 3.687537 0.9408528 0.3630362 0.2482447 4 1 1.0865
2.47335 5.4432 2.312187 0.104645 -0.911448 4 1 -5.549539
-0.7127249 4.201678 1.120186 0.007030012 -2.473979 2 1 -1.966704
4.0863 2.163177 0.8275151 0.09629211 3.152413 5 1 -0.03562135
0.8910869 6.978655 0.2185415 0.6616743 0.3803726 3 0 11.80764
-1.264655 2.612711 12.08996 0.0625463 -1.093397 4 1 -79.53919
-2.057218 5.250232 1.961905 0.02857577 -0.4804409 3 1 -4.417415
0.795606 1.645964 1.836228 0.1149597 -0.01708145 3 1 -10.6588
-2.657513 4.610575 1.101812 0.162652 -0.1945996 5 0 2.221464
0.7291914 2.475086 0.3432034 0.07442424 0.3599202 5 0 4.488325
-0.09768096 2.817534 0.006081548 0.0168824 1.862903 5 1 7.004379
-2.561022 2.914436 0.5263455 0.04865546 1.082428 3 1 1.14863
1.759159 2.134258 0.08358829 0.6446587 0.218402 3 1 2.212976
-1.846334 4.929732 1.913272 0.1047349 -2.363317 3 0 -4.256239
3.498079 2.706314 3.349415 0.1617686 -3.186731 2 0 -19.75085
-1.079177 3.873771 0.5049244 0.4295234 -2.271368 1 1 0.9140113
2.056489 1.530107 1.373433 0.1036001 -0.01024568 3 0 -7.234428
-2.361312 6.124322 0.938203 0.1007338 1.078829 3 1 3.539923
1.660273 5.172428 2.022155 0.1805068 -2.052324 2 1 -6.514521
-3.476656 6.25046 0.4857033 0.0745513 6.906011 5 1 10.1952
-0.9093674 3.274776 3.089995 0.02507572 0.2373008 7 1 -11.75554
-1.243232 3.592227 3.231358 0.06565455 -3.600466 4 0 -16.20985
-0.1342913 1.72109 6.228716 0.02433885 0.2776894 3 1 -41.73776
3.344109 3.282545 0.0613554 0.08141512 0.4026672 2 1 4.640564
-0.4483916 3.959461 1.239746 0.1255616 -0.4096781 4 1 -0.6674924
-0.184103 3.571504 0.6263818 0.1726562 -0.399473 3 1 2.648594
2.846062 4.207621 1.880272 0.07073537 -6.611366 3 0 -5.27127
0.4030657 5.627907 2.151971 0.03302013 0.5002353 3 1 -3.325852
3.850004 1.478905 5.115538 0.3350055 -0.3483406 1 1 -36.11362
-1.934303 4.612366 1.497805 0.1419197 0.2464751 4 1 -0.8428673
0.183059 3.157852 0.9439509 0.1935537 0.3067695 3 1 -1.097543
-0.996319 4.945456 0.05808457 0.3813576 0.1419562 4 0 9.716195
-0.5240984 6.727574 5.288261 0.1378395 0.6550766 4 1 -22.72368
1.389765 3.832447 8.48077 0.1220768 0.04734434 3 1 -51.76916
2.966575 5.722679 0.8287854 0.3952648 0.2432272 4 1 5.341099
4.798599 2.68163 1.500779 0.1620273 -0.08979593 2 1 -8.095485
-0.4902067 5.57318 3.588766 0.08733148 0.1811622 1 0 -16.63627
-3.807046 1.264344 0.3303117 0.1402832 0.2985148 6 0 2.24695
2.635494 1.662901 1.797153 0.2690586 0.4886816 4 0 -9.260794
-3.116633 2.587565 2.342472 0.1854517 -0.777287 5 0 -10.54435
-0.8897381 5.050901 1.650349 0.05203495 1.681156 3 0 -2.380816
0.7056624 2.352442 2.785124 0.1055927 -0.5033788 2 1 -16.63935
0.1498694 3.159274 0.9565016 0.05012491 -0.07457155 4 1 -0.6641213
0.429689 1.982193 1.408795 0.2752983 -2.013724 6 0 -4.097989
2.862975 6.294857 1.599598 0.00846762 -1.754678 5 1 2.215358
3.544508 3.836232 0.2232393 0.6515645 0.8948151 3 1 5.527126
-0.445956 1.007686 0.7900156 0.1589066 0.3209011 2 1 -5.910728
3.968788 4.817783 1.519767 0.01810612 -4.949592 4 0 -1.659188
-1.402885 6.114971 2.14958 0.02980523 0.1895483 4 1 -2.849608
1.198947 3.848489 0.3118395 0.1250919 -2.224189 6 0 6.513526
1.096471 4.399156 6.292109 0.5721288 -0.3829903 4 1 -35.70738
0.7756267 5.244763 0.8246716 0.09427452 2.470939 4 1 4.766444
3.921805 2.99503 0.6188145 0.2783043 0.5926399 3 0 0.6583176
4.633727 1.492095 3.70481 0.12603 0.5964202 4 1 -24.06802
-2.092937 5.107225 7.0973 0.006755063 -0.6272288 3 1 -40.27138
4.945343 3.207434 3.148503 0.0269164 -0.06351662 4 1 -16.8211
0.4474113 4.07894 0.2270957 0.03556138 -0.3366398 2 1 4.305736
-2.986687 2.270864 2.021002 0.3011314 -1.075146 3 1 -10.78182
-2.116208 6.27237 0.2543954 0.01832331 -1.379817 3 1 10.07417
-1.513402 1.498184 0.5132484 0.08975207 -1.205231 1 1 -3.424105
-2.569125 6.755756 4.50546 0.0001276053 0.09265557 3 0 -18.98774
-3.001297 4.524057 3.474746 0.2326001 -1.916248 2 1 -17.65361
-2.986592 5.480309 1.339802 0.04106342 0.9839241 2 0 -0.4440015
4.555503 3.584034 1.784855 0.04290605 2.920528 3 0 -6.364288
0.2729948 2.724873 1.28257 0.02337774 0.9311305 3 0 -4.849953
-3.245114 2.021516 0.04776144 0.009732394 2.472752 6 1 5.766698
3.384555 3.392177 5.705235 0.2068423 -0.1889495 3 1 -34.30102
3.107213 5.231835 1.743322 0.006809949 1.476048 3 1 -2.62684
0.5231085 1.640533 0.4360857 0.05484771 -2.232427 2 1 -2.177618
0.2071553 4.204532 1.236334 0.1399028 -0.4694277 3 0 -1.481308
0.09650232 5.724615 4.966568 0.02703216 0.3256721 4 1 -22.98494
0.3584799 5.078646 0.6516539 0.1385972 -1.032856 3 0 3.741726
-0.5675913 1.451831 2.452091 0.01666518 0.3801893 5 0 -12.50941
1.371311 6.74679 3.625371 0.3138349 -0.4818107 2 0 -13.46623
2.719568 5.277931 2.128358 0.3388068 -0.6719277 5 1 -3.421817
2.41475 1.540915 1.836564 0.02075741 0.8213771 4 1 -10.21647
-1.401404 6.748179 4.279576 0.1137133 -0.7739088 2 1 -18.01657
2.070487 6.781168 8.344759 0.131255 -5.274806 3 0 -45.75085
-2.215918 5.679756 1.05696 0.2421876 0.5864444 1 0 0.6707474
-2.92994 1.53152 1.636124 0.02940264 -0.5004934 4 1 -9.007728
4.682881 3.609834 7.048597 0.06831456 0.01265494 3 0 -44.19749
-1.229399 2.940649 0.7303645 0.1989305 0.3176089 3 1 -0.3706985
2.930498 3.741578 6.651727 0.2420941 -0.3271513 3 0 -40.6733
2.861484 3.841129 1.940968 0.01914584 0.007118402 4 1 -5.293702
0.8805526 3.380883 2.664246 0.1099974 -0.6449814 3 0 -13.0029
2.491104 5.130863 1.524259 0.08740397 -0.9351696 4 0 -0.7422508
1.30536 6.319021 1.935175 0.3129879 -0.5453493 1 1 -4.380747
4.149871 6.334215 0.8007104 0.1633743 -0.2619263 2 0 5.315261
2.51188 4.367301 0.9597601 0.02263671 1.443482 5 0 3.150343
-3.058138 5.068011 1.596427 0.1110093 1.574043 4 1 -1.315077
1.571551 5.266502 2.676536 0.05255643 0.1068488 2 1 -10.12145
3.302178 1.488042 0.633752 0.01710857 1.630082 3 0 -2.909643
-1.338568 4.719224 1.44038 0.01518923 0.4042119 5 0 0.3254592
2.478925 5.225436 2.87775 0.4893329 0.4238216 4 1 -9.623673
-1.404783 4.185501 3.385853 0.0430089 -0.1465707 5 1 -15.05602
-1.057474 2.90094 5.799335 0.06252859 -0.1481971 4 1 -34.79071
-0.4987569 6.301983 2.568363 0.1263097 -0.8126816 5 1 -4.136644
1.562983 5.016775 4.712342 0.2134663 0.0884039 6 0 -21.79079
-0.6973923 2.96953 0.3033881 0.1192987 1.042742 5 1 5.636658
-1.952517 6.302716 0.09377737 0.2150213 0.205269 5 0 12.56557
2.153288 4.614156 0.0797221 0.1899162 -0.1196673 4 1 8.754049
1.213335 2.899011 1.74144 0.09504267 0.543151 2 1 -7.857285
1.630298 2.444276 7.516855 0.1481937 0.4340734 7 1 -44.62934
-3.571324 1.921256 0.393147 0.04045986 -0.6801683 6 1 2.908488
-0.3269206 3.57175 0.6206818 0.3139289 -0.2746221 5 1 3.559194
-0.6170426 5.083359 2.000393 0.2461338 -1.195408 3 0 -5.929922
-0.6657837 6.79526 2.339272 0.1183457 0.01838382 4 0 -3.459699
-0.2697301 2.917832 0.1710136 0.1708144 0.6584548 2 1 2.736838
1.646966 2.594068 5.543156 0.04565229 -0.8565573 3 1 -34.54106
-1.162591 6.369063 9.417196 0.2500113 -3.209775 4 0 -53.01953
-3.460973 2.3092 0.3806963 0.06787188 -0.4865434 6 0 3.041933
1.942781 2.344719 6.848387 0.02628046 -0.226712 2 1 -45.90877
-3.759815 1.56001 2.399825 0.1185043 0.6848335 2 0 -16.72907
3.397074 4.879139 0.433218 0.1389573 0.2045616 3 0 5.605511
0.688287 6.120536 7.427824 0.1279635 0.3947914 5 0 -38.21745
-2.197695 2.326118 0.2824427 0.05508403 -0.2826122 3 0 2.200019
-1.083299 6.621455 1.490216 0.09964179 -3.294336 2 0 1.521866
1.39502 6.993206 1.202537 0.1602945 -0.1834802 5 0 5.833432
4.190185 6.169633 3.086719 0.1314955 1.986933 3 0 -10.10027
-1.797684 3.107584 3.511946 0.06852456 0.3501055 5 0 -17.71917
0.1361148 1.240358 0.2612668 0.04686447 -1.518052 5 0 1.71174
3.427964 1.274944 3.006233 0.01932412 -0.1388441 5 0 -17.75287
3.602499 4.890669 7.128601 0.04183033 0.1062939 4 0 -39.99786
-0.3161914 5.810372 0.4823676 0.1449185 -1.324397 4 1 9.414006
0.783902 6.843441 0.5935359 0.1600274 -0.2918709 4 1 9.847987
4.421859 1.8347 7.09744 0.1500347 -0.9387601 4 0 -45.77544
2.919097 3.426158 0.1545253 0.1030355 -0.1805044 4 1 5.296321
1.980174 6.819577 1.263714 0.07478511 -1.365716 4 1 4.829995
-0.5066998 6.864508 0.008051857 0.1922219 0.6404412 3 0 11.91414
-2.692799 4.722994 0.9328176 0.01274943 -0.9997999 3 1 1.80997
-3.83682 1.461458 6.112302 0.2576663 -7.928564 1 1 -43.14398
-1.131962 2.264392 1.669384 0.02807192 -0.3202199 3 0 -8.912765
1.963663 1.333982 3.71321 0.4435064 -0.3232794 1 0 -26.81329
-2.748662 5.453963 5.494671 0.09213383 0.3608786 4 1 -27.50803
2.37204 5.853895 0.7464536 0.1982502 1.719924 3 1 5.91039
-3.786003 2.153878 1.576666 0.06156209 -1.557725 5 0 -5.356167
-2.639789 2.837549 1.371148 0.04392694 -0.04922521 2 1 -5.766587
2.370424 5.058753 0.2286067 0.4680368 -0.220301 1 0 5.296206
1.429716 5.005875 4.151959 0.1875946 -0.9731143 5 0 -18.22627
4.163133 5.696149 0.9428553 0.1472122 1.091553 3 1 2.985131
-2.221804 1.032126 1.565337 0.4417138 -0.2766623 5 1 -7.504682
-2.059609 5.845837 1.175105 0.122879 0.3595289 5 1 4.312573
3.9597 6.28088 0.004958283 0.1880075 1.287902 6 1 14.80189
-1.713674 3.819305 3.77803 0.00201096 -0.5238969 3 1 -20.57109
4.103322 3.920277 0.2047973 0.00389497 1.209224 4 0 6.32922
2.724574 6.430356 1.281141 0.2447159 0.3109351 2 0 1.394015
-2.441703 5.257551 5.022517 0.01680156 0.5408278 3 0 -26.77333
-2.577516 1.926523 2.0704 0.104766 0.02520871 4 0 -10.83419
4.779688 3.396862 1.277199 0.0385223 -1.379476 4 1 -2.447077
-2.729257 5.964955 0.2843567 0.1148898 -4.725781 3 1 9.246288
-3.255582 2.114442 3.444005 0.0134821 -1.81723 2 0 -22.13079
-0.2614305 2.649921 0.7536064 0.5943771 -0.3378357 3 0 -1.209309
2.530328 2.418896 2.26373 0.5854148 -3.248237 4 1 -10.53895
1.918693 4.174083 3.231367 0.02170251 0.3360325 3 1 -15.8073
0.4073099 1.370155 6.558095 0.1356732 -0.4342874 2 0 -44.53283
4.686199 5.3071 1.369476 0.06163448 0.6490854 3 1 0.4172809
-1.319282 2.891889 2.562571 0.2786228 -2.323645 5 1 -11.04481
3.216076 2.229731 2.59644 0.2878833 0.5125479 5 1 -12.60759
3.307747 1.876432 5.528176 0.3210236 -1.298171 2 1 -36.74075
4.70227 3.748545 1.025049 0.02100391 -2.710837 2 1 -1.561301
-2.270885 6.407723 2.112009 0.367825 4.097702 3 0 -3.416364
1.821259 6.355537 0.3868577 0.07342354 0.6270117 0 1 5.191726
2.060283 5.127355 2.854496 0.2377303 -0.7937622 4 1 -9.842763
-1.99736 3.856626 0.6357299 0.04076172 -0.1719288 1 1 0.2561493
-0.3096894 3.482103 1.480771 0.0909455 -1.74339 5 0 -2.155168
-2.225943 2.805399 0.6726756 0.07013404 11.45138 4 1 1.572639
-2.107821 4.886806 0.5003011 0.1589744 0.2143289 4 0 5.737877
-2.303995 3.272382 0.4422615 0.03396104 4.391399 5 0 3.475118
-3.580668 2.092594 1.544559 0.139377 -2.052819 2 0 -8.244187
3.265617 5.600956 3.5086 0.1041048 -0.6769293 3 0 -14.90164
4.293157 5.434846 3.432761 0.2051293 -0.5009024 4 0 -13.57528
-0.5489119 1.947105 0.1917903 0.007947242 0.8115178 3 1 1.780564
-1.489055 4.594574 2.206753 0.2430684 -2.883365 3 0 -7.566872
-0.2317239 1.016485 1.029958 0.03746819 -1.155231 5 1 -4.968899
2.097274 1.229688 7.165182 0.2277312 -0.4616411 5 1 -47.42002
-2.56549 4.558794 1.237249 0.005196993 -2.342808 2 0 -1.380476
-3.872232 5.064329 5.30539 0.1214366 1.814413 2 0 -29.91409
2.174657 1.579666 6.214457 0.006745882 -4.106602 6 1 -38.69171
3.641705 3.592479 2.3351 0.03228214 1.156251 5 0 -7.125836
-1.534624 4.081842 2.080167 0.1781404 3.910932 5 1 -5.265805
-0.2304368 4.436935 1.798926 0.004796942 3.002992 6 1 -2.248327
3.989945 4.89993 1.021992 0.3230966 1.301692 4 0 2.265402
1.979056 3.121362 0.4371708 0.1969665 0.314936 2 1 1.226226
-1.662473 4.733825 2.519225 0.2382156 1.07092 2 1 -10.37246
-3.746512 4.808771 9.593173 0.09564652 0.273741 6 1 -55.45138
3.587804 3.356853 4.927341 0.1103557 -0.6972884 5 1 -27.08198
4.481904 1.654103 0.9588093 0.6583144 -1.538315 3 1 -3.857018
-1.855565 2.852706 3.372967 0.04581508 -0.03488058 6 0 -15.85266
4.037053 1.153873 0.9450701 0.1421829 1.161514 2 1 -6.304042
-0.665815 1.165548 5.844206 0.0001534192 0.5302073 4 1 -37.90084
-3.218067 3.361567 0.6357935 0.2556805 0.4515092 3 0 1.633126
-0.6225139 6.320702 1.951677 0.06854037 -0.3432286 4 1 -1.268007
3.774927 2.117725 4.557878 0.1141771 -2.070417 1 0 -31.01321
-3.600961 4.317369 2.098873 0.06518868 0.03157179 6 1 -3.981303
-3.0159 6.427965 3.024585 0.05315268 0.4170316 5 0 -7.930104
-0.6616288 1.031738 3.844394 0.2599242 0.5222468 3 1 -26.05296
0.9564344 5.035401 4.836425 0.06179015 0.8349743 6 1 -22.26955
-2.947806 5.295899 5.02133 0.006223267 -3.566942 4 1 -23.97263
-2.801633 5.833876 0.8821257 0.01622173 3.218828 4 0 5.678813
-3.298586 3.447803 0.005621841 0.01476805 -1.139805 6 1 8.92908
3.749881 6.296096 0.2620423 0.1819744 0.674868 2 0 8.379807
3.217071 4.543833 0.4668743 0.06042108 -1.618891 5 1 6.710476
-2.500387 2.642459 0.6576131 0.4627179 -0.700748 4 0 1.071744
-2.434951 5.392729 1.784842 0.1778348 4.923246 5 0 -0.8461736
-2.944546 6.196362 0.2204043 0.05331804 -1.844047 6 1 13.77271
-0.02009473 5.50276 0.9761503 0.01335389 -0.2292973 2 1 1.907641
0.2443728 2.991445 2.983793 0.1870062 0.8716048 4 0 -14.32911
4.4867 1.422559 4.681106 0.1613818 -1.473215 4 1 -28.91572
0.4101895 4.302002 3.647621 0.1812206 -0.8290237 3 0 -18.5807
1.541623 6.998352 0.3269617 0.3652799 1.665379 4 1 11.49074
3.555083 2.670082 2.550743 0.922657 -1.677079 5 0 -10.80381
2.738032 4.568541 0.7393189 0.04085879 0.5026854 3 1 4.254981
0.8598309 5.761715 0.9879363 0.1289545 -3.179184 3 0 3.839943
-1.196184 1.611991 4.241571 0.0486044 0.562782 1 1 -30.27965
-2.520653 5.745177 0.05366524 0.1688556 1.03593 4 1 10.86135
4.602169 2.407853 0.7504483 0.1510031 -0.1701934 3 1 -2.447023
-3.18398 6.812045 1.313907 0.5794503 2.617163 4 1 5.172713
-0.3705578 6.39911 3.921735 0.08091851 -0.1841509 7 0 -11.5574
0.8631484 4.737736 3.60711 0.47392 1.207911 4 1 -15.44463
-2.220542 3.795066 0.8244916 0.1528396 -0.9654846 3 1 0.5159816
3.407957 3.094181 4.07137 0.09639696 0.7147892 5 1 -22.03134
1.088076 1.992727 0.1072167 0.03594974 0.2824867 0 1 -1.564582
2.084116 4.946752 1.351252 0.2614224 -1.274731 3 1 -0.7940113
0.3630762 5.637162 0.3635723 0.05483001 0.4053123 2 1 6.890208
-1.068887 2.816708 0.2863109 0.01932157 -0.9881104 4 1 3.511322
0.8676328 2.618178 0.09333262 0.2354561 0.3429623 3 1 3.667731
3.416545 6.275029 0.4365453 0.09625705 -3.040352 5 0 10.45046
-1.348212 4.402035 5.001253 0.1412708 -1.014379 5 0 -24.72272
4.263334 1.90895 4.777156 0.08032203 0.7818991 4 1 -29.4181
1.170828 4.320026 1.464413 4.232786e-05 -2.782812 5 1 -0.5200958
0.104002 5.991369 2.974194 0.0141991 0.2709351 3 1 -10.10982
-3.146632 4.043062 0.06585494 0.2492133 -0.8245445 4 0 7.485412
-0.06080956 5.539348 0.829728 0.07441924 0.709195 4 0 5.066438
4.095547 2.647554 1.38279 0.03819979 2.015618 4 0 -5.854495
-2.705457 2.065617 0.3782108 0.1108255 1.250905 4 0 1.559163
-3.383043 3.743755 0.1087396 0.2886206 1.037 4 0 6.043594
0.9846981 5.902285 0.2925238 0.03854734 -1.140934 3 0 9.2884
3.318482 1.26864 0.2688636 0.2221145 1.309437 2 1 -2.027004
4.278812 6.699402 1.297179 0.1190737 -1.82445 4 0 3.610187
1.909722 6.149235 1.713387 0.04238524 3.736018 6 0 2.020758
4.812668 6.251981 0.3660442 0.0859715 -1.591234 5 0 11.00861
1.65554 2.257707 1.20874 0.1181377 0.4952397 3 1 -4.375938
2.590729 3.610606 3.803071 0.1101929 -1.756312 4 1 -18.22688
2.272135 4.109435 1.520323 0.1578118 -0.451849 2 1 -4.291578
0.7936777 6.142916 4.147529 0.004957562 0.5671734 4 0 -16.65278
0.937071 5.484814 6.502199 0.03424512 -1.54836 5 1 -33.7025
3.566996 1.529905 0.4523016 0.1425918 0.3250934 2 1 -2.26306
-1.91566 1.349122 2.613756 0.1202807 -0.3497222 5 1 -15.37988
-2.908667 1.250952 0.8057113 0.1652049 4.2926 3 1 -3.255211
1.545343 2.819728 2.433684 0.04151302 -0.4673462 3 1 -12.73159
2.78751 1.049227 0.9755606 0.2269907 3.722287 4 1 -4.79995
-0.3329238 3.660513 3.398893 0.1021874 0.2724031 4 0 -17.1066
0.5899674 2.442593 1.708754 0.09166612 -0.6053683 3 1 -8.72628
-0.4377845 1.104139 1.343706 0.07867762 1.000695 4 1 -7.119258
0.1952882 5.7167 6.218141 0.14589 -2.354346 5 1 -31.01048
4.665147 4.361628 5.671252 0.3133918 -0.09822806 3 1 -32.80939
-0.4251873 2.082249 5.001379 0.0316073 3.877975 2 1 -32.83826
-1.753154 3.685027 1.534061 0.5782213 0.192081 4 0 -3.396785
-1.652643 1.25882 1.031476 0.09788248 1.6376 2 1 -7.305764
-3.289666 1.89558 1.280097 0.1474448 0.3261495 2 1 -6.482591
-0.05744271 3.964556 3.199421 0.08613049 -0.7560976 5 0 -12.85252
0.81888 3.046144 0.219632 0.1095345 -1.925214 4 1 4.21214
4.723166 1.366216 0.2951524 0.03005118 -0.4209994 3 1 -0.5448848
1.565492 1.642816 0.8150514 0.063675 -1.913454 4 1 -3.192777
-2.23115 4.29954 0.5898425 0.1665529 -4.993469 3 1 3.363604
2.444378 1.015398 4.759322 0.04517468 -0.2988408 4 1 -30.85225
1.997252 1.344956 1.873616 0.06931783 1.32409 4 1 -10.19977
0.1096376 6.274411 2.020877 0.1445229 -0.6048107 4 0 -1.580242
-1.945629 2.000682 6.53659 0.05464558 1.2425 5 1 -41.02882
2.014778 4.503095 1.156456 0.2145378 -11.83705 4 1 1.262269
-3.369004 4.772223 0.3848742 0.07153594 0.7788191 3 0 6.152573
2.466818 1.140266 0.3372172 0.165546 -0.9903015 2 1 -1.641802
-2.047626 6.205307 4.360623 0.1099067 0.4871521 3 1 -18.47602
1.125102 1.40851 5.255327 0.02409522 -1.668526 4 0 -34.35944
-3.274571 6.291763 0.9201821 0.349804 0.002954832 0 0 2.253338
1.084525 3.874967 4.480149 0.1692425 1.751166 4 1 -23.45193
1.431736 6.767939 1.584937 0.06447113 -7.665352 1 1 -0.9191859
0.02968914 1.315555 2.660791 0.1281299 -0.5737918 7 0 -12.32658
-2.490337 5.166263 0.9723324 0.2234992 -0.4191599 5 1 4.995526
2.512558 1.550261 3.518091 0.3634274 0.4354169 6 0 -18.68492
4.136057 5.734786 0.139693 0.01362316 -1.741361 3 0 8.87391
2.104012 4.802427 3.853959 0.03644668 0.8969072 4 1 -17.75252
-2.732767 4.981389 1.456068 0.1522035 -0.3054149 6 0 1.2576
-2.067572 1.784417 0.0481564 0.2116115 -0.03533255 5 0 4.241417
-3.077663 6.500816 6.608486 0.2475891 -1.695625 5 0 -32.61518
2.952118 1.4956 0.9184745 0.08697666 0.1955589 2 0 -6.155809
0.1257321 1.027774 0.7875187 0.1051705 -0.09032543 1 1 -6.282807
3.324445 4.762395 0.06728243 0.07676703 2.576906 5 0 10.51938
1.322356 1.598315 1.45175 0.008509986 -0.08023583 2 1 -9.048423
2.279496 6.988859 3.333215 0.07742835 1.526635 4 0 -9.711147
-0.06477641 4.300077 0.8006202 0.1346047 -0.5840706 3 1 1.997651
0.8287577 4.361878 0.9303435 0.02984516 13.65936 3 1 1.17858
0.2134176 1.761314 5.706922 0.03784562 -0.436816 3 1 -37.82611
-0.7573231 1.873075 1.258307 0.1877646 0.8738465 5 0 -3.888092
-2.894063 3.318961 15.34247 0.1900131 1.082648 4 1 -100.4727
-0.5443918 6.638856 1.125263 0.01086732 1.157446 3 1 4.431517
-0.4077449 3.215731 0.04252151 0.1243858 -1.929473 2 0 4.037655
3.415145 6.727617 1.421232 0.3252092 5.382079 4 1 3.27808
0.2015975 5.729021 3.978623 0.1217747 -0.4334253 3 1 -17.23415
4.689404 5.973068 0.6392782 0.01003769 1.536234 1 0 4.722788
-0.4956367 4.456225 1.499473 0.4522408 0.3847783 4 1 -1.481071
2.935203 3.6413 1.351667 0.01001759 1.706772 6 1 0.4374361
0.8099633 6.972772 0.4256864 0.01944795 0.6049853 2 1 10.17087
2.751938 2.329034 4.941441 0.06167022 -0.7622871 4 0 -30.03258
-3.353034 6.860484 1.405176 0.1263152 0.7439856 4 1 3.965995
0.8493158 1.906532 0.7625046 0.1084567 0.2286543 2 1 -4.144426
-1.093473 3.634019 3.074389 0.1341266 0.2155151 4 1 -14.2046
0.1136781 6.551172 0.01721722 0.06871574 -0.7440381 4 0 12.14504
4.608015 6.981534 2.002117 0.04932654 0.3117757 5 1 1.004601
-1.206694 1.718499 2.638296 0.01447067 4.323088 3 1 -16.10342
3.473779 4.042416 1.269933 0.5285669 1.222945 3 0 -1.880149
2.680592 5.350493 0.7865291 0.03121891 0.641683 5 1 6.196269
3.621936 4.181319 2.806805 0.0128278 2.771763 1 1 -13.68821
4.078973 1.864719 4.710981 0.5372487 0.4142871 5 1 -28.41018
-1.173947 1.640409 0.9038471 0.06715621 -0.3506667 7 0 -0.4762561
3.057654 3.032752 2.057319 0.1172972 -0.01352181 5 0 -7.320926
-0.4920242 4.703962 1.597626 0.08142157 1.187625 0 0 -5.656099
4.37916 5.887105 2.838929 0.07450489 2.662412 4 1 -7.49332
-1.745224 4.466944 1.207681 0.08762147 1.706792 5 0 1.314998
2.195869 1.121493 1.472576 0.5984872 -1.894271 3 1 -9.327826
-2.017677 5.822228 0.4184262 0.438843 1.210949 3 1 7.682433
-3.508468 4.867957 2.137648 0.02729436 0.8378111 3 1 -6.094955
-0.06037927 1.86772 1.377788 0.32993 1.392386 4 1 -5.672883
-3.842737 5.645083 1.638734 0.009201942 -0.6862629 4 0 -0.6060643
1.691321 4.771903 3.897529 0.0257751 0.927217 5 1 -17.28885
1.310603 5.942955 1.041227 0.1830662 -0.3234799 5 0 6.037882
-2.779833 6.720838 0.362073 0.2069311 0.744012 4 0 9.867046
-1.81027 4.291859 0.2109205 0.09560497 -0.7425974 1 1 4.225394
-1.190523 4.513817 1.173318 0.09074942 -0.5044356 5 1 2.005707
1.460941 5.763316 1.373252 0.5336296 -0.7383374 5 1 3.054286
3.40789 1.351901 0.5155389 0.09747197 2.291902 3 0 -2.349234
-3.864658 5.846933 1.239882 0.5482407 0.7320655 2 1 1.302525
-2.324382 5.709028 1.153258 0.06568536 -0.8916355 3 1 2.633496
-1.039158 6.242548 0.4015417 0.08519557 0.04063215 3 0 8.876737
3.688636 5.440927 2.898062 0.07824207 0.2635735 3 1 -10.55373
-3.624248 2.481069 0.9670664 0.02506385 0.5604902 2 0 -3.450816
-2.04007 5.730455 2.648396 0.1116557 -0.08134163 4 1 -6.82338
4.739969 4.304555 1.811419 0.4906306 1.020003 2 0 -5.705107
2.687894 4.154029 1.033047 0.07137053 0.2169593 3 1 0.7052039
1.437618 2.80092 0.6650195 0.3562921 -0.1363424 1 1 -2.755546
3.387116 4.964024 0.9203179 0.130838 0.286353 0 1 -0.2265083
0.08442794 2.219544 3.50245 0.07898925 -0.003038173 4 0 -19.78609
2.679029 4.351014 0.412248 0.1362871 1.444313 4 1 5.277467
-3.995069 6.320543 2.073809 0.01173757 -0.2785202 5 0 -0.7597707
3.675171 2.643054 1.363214 0.1666714 -2.556201 4 1 -4.243888
-2.874003 4.810232 2.056497 0.06352543 -0.4885322 4 1 -4.704003
-0.7870495 3.47002 2.045474 0.08452701 -0.5827024 5 1 -6.312167
4.657055 4.705669 1.514471 0.04085379 -0.5093166 4 1 -1.304966
-2.926059 3.342465 2.371851 0.002275212 0.6895641 3 1 -10.66541
1.882495 2.460445 1.429442 0.8339541 1.602453 6 0 -2.63217
4.602591 3.804708 6.473193 0.3265065 -0.8093499 2 1 -39.95472
-0.2745607 4.875838 2.13643 0.08510203 -0.6137955 3 0 -6.074163
2.913642 1.797547 0.6862646 0.03999996 0.4592631 3 1 -1.600903
-3.457877 4.792053 2.656831 0.05797534 -1.189838 4 1 -9.120564
-0.174263 5.86695 1.10866 0.2152039 -0.1471299 3 1 2.631661
2.799285 3.798889 3.37718 0.2398102 0.8218649 4 1 -15.45678
-1.676412 6.858172 2.085813 0.1481333 0.3728743 4 1 -1.664296
1.211561 3.393397 0.3900415 0.1722697 2.854252 6 1 5.831674
1.904615 6.907608 3.80452 0.1778844 1.25909 3 1 -13.76696
-1.517067 6.881625 1.816477 0.09153103 0.3814821 3 0 0.2846059
2.677443 4.413798 6.379786 0.1278611 -0.1531618 4 1 -35.61788
-0.3926719 5.140608 1.734896 0.06639975 0.9652233 3 1 -3.037881
2.988488 3.118853 3.544353 0.5969688 1.137098 3 1 -19.07984
0.4447737 3.12663 7.747911 0.04795679 -1.81355 5 0 -47.3262
-1.435303 5.355008 0.07794346 0.1205945 -0.1554896 5 1 10.95484
-2.31321 1.117515 2.809236 0.0767672 0.8077194 5 1 -16.30803
4.494613 3.892979 5.637896 0.02730737 -0.929802 4 1 -31.65508
3.068797 6.191492 0.02529077 0.1829532 1.112118 4 1 12.26465
3.040911 4.446238 1.773276 0.02241512 0.4719895 3 0 -4.938346
-1.018139 4.438071 6.771815 0.2293741 0.2811584 0 1 -42.15056
0.652046 3.081247 1.559935 0.2321185 -0.3486663 5 1 -4.541329
2.945405 3.059135 0.2055151 0.01222842 -2.018256 2 0 2.790139
-0.9422863 2.123642 4.169315 0.02291807 0.3564289 3 1 -25.92522
1.993866 4.77958 2.96257 0.1866532 -0.516424 5 1 -10.4489
1.09166 1.807974 3.391102 0.1063923 0.3074472 3 1 -21.76509
-1.912303 1.42086 1.073376 0.03793277 -1.875549 1 1 -7.613546
4.275789 6.500144 0.01840859 0.01119895 0.9363522 3 0 11.98967
1.220442 5.227118 0.1482742 0.06142038 -0.6939297 2 0 6.383663
-2.786706 2.899557 2.045882 0.06525952 -0.008413538 2 1 -9.816879
0.784652 5.54105 0.7937608 0.2562154 -0.2709104 5 1 6.911798
4.049578 2.280336 2.107856 0.2528729 10.1899 4 0 -10.48979
2.839034 4.863002 0.2472193 0.003689196 -1.227053 4 1 6.981124
-3.452396 1.371007 3.550856 0.003611032 0.765782 3 0 -23.09266
-3.39751 5.887109 1.209977 0.02150518 0.8082581 4 1 3.826826
-0.2050517 6.114009 8.710441 0.1003422 -1.764751 4 1 -48.32684
1.300472 6.933684 0.6256101 0.02221821 0.3805905 4 1 9.428335
1.643907 2.817183 1.727456 0.01603447 -0.6300025 5 0 -5.491718
4.453139 1.74036 0.4484421 0.0776019 -0.945994 2 1 -1.960122
1.916855 1.012508 4.009982 0.07315141 0.5790746 3 0 -26.63776
-0.7962411 3.903309 3.215691 0.04106777 -0.3624724 2 1 -17.48622
-3.638899 4.747113 0.5142384 0.2974381 0.3784181 3 0 4.561089
1.786793 5.60481 1.623595 0.09893023 3.08388 5 0 0.7949255
2.610295 4.31082 1.680389 0.0380623 -0.1128619 2 0 -4.623487
-0.9601348 3.851249 0.09073944 0.1263836 0.353543 2 0 5.3455
1.127188 1.384334 0.1977669 0.4204975 15.00835 2 0 -0.2973875
-2.553775 3.495751 2.32048 0.3714196 0.1276217 4 1 -9.580471
-2.226359 3.050267 2.26744 0.07886109 -0.5031782 4 0 -10.14092
4.801327 1.864852 1.906013 0.13819 -2.818612 4 1 -9.129865
-2.107692 1.426041 0.03149135 0.1353692 0.1455054 3 1 1.255951
-3.092413 2.434762 0.4829099 0.08578838 1.611898 2 1 0.1280606
1.779017 4.709972 0.2021308 0.07409123 -1.395556 3 1 7.158489
-3.007912 2.39655 3.30285 0.09091816 -0.7079793 5 1 -16.99472
4.029436 6.286773 1.165638 0.07540356 -1.911157 3 0 3.652147
-0.9017608 1.53064 3.044249 0.4314304 0.3567696 3 1 -19.78117
1.040267 2.767207 4.958294 0.004871288 -3.19671 5 0 -28.15115
-0.6828596 3.798879 3.940245 0.01010608 1.392511 2 1 -21.91796
4.720153 2.872813 0.3643724 0.07604685 0.1050112 2 0 0.9800116
2.235798 6.028657 2.465856 0.1285883 -1.445152 4 1 -4.437755
-1.896361 2.244753 1.493027 0.4247997 4.759531 7 0 -3.583289
0.4034554 5.941182 0.5287754 0.5613253 -1.347346 5 0 10.31731
0.8860948 1.464663 1.773101 0.1193609 1.868131 4 1 -9.82819
1.678899 2.409538 2.012542 0.01939126 -0.3778662 3 1 -10.65471
2.99478 2.260758 1.500518 0.2089652 2.496346 2 1 -7.948664
0.8556243 1.485443 1.477565 0.08626465 1.72166 6 0 -5.127173
-0.03685253 6.153463 0.122728 0.00643981 1.076769 3 0 10.19888
4.337894 5.017443 4.927043 0.1592539 -0.05328549 1 1 -27.75143
0.2420502 1.949136 7.316254 0.2125609 -0.8510472 2 0 -49.37518
1.600695 6.258254 7.971013 0.03455576 -0.1220139 4 1 -44.53483
-0.04209006 6.10398 2.581484 0.2102696 5.241332 2 0 -8.017781
3.367493 3.658869 3.66174 0.08621006 1.847008 2 1 -20.04466
0.7708235 1.080225 3.272014 0.1084062 -0.309747 5 0 -19.83428
0.7663173 5.757386 0.07188355 0.2193785 0.2721773 3 0 10.29155
2.521845 2.153162 5.155771 0.01707211 0.5129819 3 1 -33.30809
-0.5538004 5.847134 11.6244 0.07083413 -1.862725 4 1 -68.59182
3.518923 3.172345 1.511213 0.1348881 0.905746 2 1 -6.212321
0.3149855 4.847708 0.9024928 0.1623061 -2.819672 4 1 3.400037
-3.757676 5.887141 0.4654089 0.0003623319 -0.1233032 2 0 6.878267
-3.617021 3.348958 2.052958 0.03801398 -0.04049607 5 1 -6.232691
0.6844853 3.679889 4.246797 0.000475491 2.180936 5 1 -21.68817
0.1450785 5.8827 4.82045 0.1944028 -0.3585584 6 0 -19.4323
3.161831 5.714145 4.554814 0.1297396 1.041728 3 0 -21.90863
-3.342067 2.583637 3.801445 0.004332792 0.230609 5 0 -21.31369
1.084426 2.919244 8.424271 0.09158936 -0.1293485 4 1 -53.35026
2.018074 4.285346 2.830164 0.06756555 0.8772462 2 0 -13.08258
3.687065 6.343336 0.513899 0.02972717 1.229222 3 0 7.968378
0.2892202 4.325787 0.8895946 0.09327167 0.5848575 3 1 1.454533
2.875637 6.915111 1.716196 0.1699151 0.1684852 3 0 0.9225422
-3.671153 1.982252 2.345671 0.003404739 19.67842 2 1 -14.28337
-1.708249 5.87873 10.65385 0.01563421 -0.6385235 5 1 -60.99256
-1.291872 2.394861 16.5016 0.2284263 -0.1860534 2 1 -112.6897
4.568855 5.612731 0.5787449 0.06437755 -0.3196557 2 0 5.222549
4.216798 1.819008 3.062601 0.6429386 0.9448195 5 1 -16.33768
-1.903541 6.374326 0.2342025 0.07232747 0.4334512 7 1 14.80552
-3.718119 5.343763 0.7741798 0.05747456 0.8020177 3 1 4.500986
3.147168 2.316439 3.36734 0.003698499 0.6611375 5 0 -18.27364
-3.369027 2.968291 6.262736 0.07375675 0.2383177 5 1 -36.58372
0.2487359 3.935559 2.40885 0.09328522 0.5171057 4 1 -8.762346
2.688962 1.826451 1.393172 0.1713088 -0.02367034 4 1 -5.606013
3.387721 1.705061 0.5459681 0.0606146 1.696286 3 1 -2.009668
-0.1056927 2.687783 4.55602 0.0125991 -0.7949689 2 0 -27.17405
1.760567 6.343474 1.752179 0.03247774 0.6846966 5 1 1.921579
-0.2992609 2.433138 0.794913 0.07353869 0.1718764 3 0 -1.041745
4.840762 3.809403 1.627123 0.111759 -1.713427 1 1 -5.989008
-3.809105 1.66991 2.77657 0.137758 7.605945 5 1 -14.88911
4.203594 2.373188 1.934406 0.001082433 0.4771806 5 1 -7.70179
4.149963 3.484515 0.5975614 0.2924038 -0.7531428 3 0 1.790267
-1.131341 4.837755 0.467938 0.05562393 -0.6406458 5 0 7.851745
-0.4853694 4.945144 0.4261946 0.01247748 0.8921386 5 0 7.899062
