0.7155978
0.2798051
2.195715
2.585145
3.192059
3.063872
2.124408
1.530704
0.719573
2.719314
3.430093
0.2855257
0.2277134
0.4591545
3.959353
0.1048119
0.7052842
0.1743185
3.899616
3.180066
0.6107992
2.499577
1.382796
3.65663
1.722809
1.555338
1.619349
1.0716
3.617739
0.3447569
2.354335
1.330289
3.260775
1.540123
3.101455
2.457277
3.615651
1.726143
1.160392
2.678905
1.72303
3.350994
2.12184
2.73787
3.871374
1.620372
2.032918
2.995717
3.034603
2.357685
0.5656084
2.997617
3.722567
3.295331
3.432235
2.906778
1.062691
0.9437388
3.546736
3.805917
0.4004749
3.396203
2.512174
1.842034
0.07511214
1.377358
3.488726
1.506931
1.613149
2.668823
1.622619
1.850283
3.126151
1.622603
1.476264
0.5809685
2.393747
1.912642
0.02073375
1.286634
1.597534
0.608563
2.569529
3.796925
2.508436
1.113043
1.712906
3.006965
2.179651
1.866172
0.3591619
0.8118805
0.1333486
1.172365
0.7809393
3.506643
2.852244
1.282678
2.461767
3.375951
0.5338054
3.195225
3.936646
0.1634966
3.981282
0.9225902
2.67385
2.913937
3.720972
1.103966
0.9095742
2.991781
0.6548538
3.569517
1.894887
3.632375
2.074427
3.85417
2.844567
1.192044
0.01730293
3.653535
3.49478
0.8811352
2.542708
2.893953
3.199487
0.178848
3.320059
0.5508315
1.528185
3.478479
1.742023
2.385791
0.5095647
2.14709
1.658839
3.608253
0.4998878
2.25603
1.22776
1.561226
3.380549
3.7111
1.503386
3.343572
3.41269
0.5271682
3.253729
3.10086
3.260308
2.920578
1.027494
0.5477806
2.971878
2.880347
3.506986
1.155261
0.3448068
0.7535023
2.398889
3.712594
3.581497
2.921851
0.06887879
2.047789
2.851101
0.2125329
2.266426
3.87466
0.3071874
0.1257011
0.7717124
3.190764
2.947495
2.620111
2.235469
3.688024
2.917559
3.730024
2.425644
0.9574582
2.015134
0.9280609
1.524099
1.474949
0.83825
3.221804
0.3425796
2.869971
3.831366
3.631271
0.3080269
0.6448855
1.693961
3.4903
1.226384
1.390592
3.701212
2.241164
2.055971
2.020138
0.4073649
3.064087
3.209301
0.003471701
2.723691
3.928865
1.69913
3.130091
3.792549
3.533834
1.778422
1.92283
3.444492
2.73289
2.310735
3.139861
3.877676
0.7218694
1.666244
1.595952
3.318263
2.698441
3.184895
1.351241
1.553709
2.372612
1.107283
0.8355962
0.3908567
0.05732974
1.612712
3.822593
3.667298
2.12885
1.247772
0.0369453
0.0003634496
0.1907418
2.567159
3.859906
0.5587382
0.4545749
1.132692
1.839002
2.695477
0.01157353
3.40126
2.42201
0.2250556
3.082457
1.471051
2.8606
0.4708391
2.091912
0.697227
0.6124923
2.359974
2.366212
3.300254
3.645719
3.03368
3.332198
3.818881
2.876808
0.06813218
1.165826
3.047549
3.823422
2.023184
1.742553
3.261606
0.4673764
0.3717458
3.880847
1.714469
0.9119174
1.884249
1.823786
0.7732741
0.03835962
0.7129119
2.54385
3.033979
1.935527
3.423539
1.843895
3.889205
3.442064
3.549905
2.309376
2.662466
0.2731113
0.6078236
0.5709727
1.101278
0.6030099
3.965564
3.409967
3.310533
1.823082
2.590505
2.308164
3.208228
1.708248
3.4361
2.161352
1.33226
3.655458
1.323604
0.4065277
1.932082
1.697368
0.7049839
0.4774264
2.406957
3.902536
0.4800856
0.4678577
1.21584
1.71731
0.2458072
0.6382267
1.352969
1.765453
3.317455
3.079106
2.263075
1.493373
3.429545
0.02224081
1.295524
1.903908
0.6932439
2.618451
1.944722
2.71877
1.322071
2.784813
0.960423
1.870756
0.2062166
2.523175
2.84674
0.5619198
0.6246877
0.7772514
3.888637
0.2704774
0.6537823
3.766025
2.130381
3.216879
0.2693588
0.4168696
2.331491
3.963187
0.2964203
2.261901
0.7065057
2.395625
0.958687
3.350903
1.091236
3.16617
0.3227971
0.7318783
3.74406
1.384119
0.9700874
0.1513828
2.507371
2.003928
0.05020001
2.234291
3.716459
1.719187
3.602183
3.742967
3.083049
2.083271
2.820509
2.422281
2.530785
3.290481
1.752248
0.03987347
0.8836289
1.307806
1.995757
0.7521427
1.869261
2.271284
2.097192
3.3358
3.95471
2.645146
0.1054621
0.6265267
0.3768545
1.926581
2.60955
0.2018222
2.748625
3.166362
2.512827
2.170576
2.513789
3.144577
2.354546
0.4582069
2.095199
2.42017
3.002094
3.200572
0.5171612
0.5025747
3.235987
2.740363
3.423751
3.980339
1.666134
1.178594
1.137051
2.776197
3.277828
0.03120976
3.056644
3.669162
1.532898
1.806817
1.401787
3.167948
0.1280751
3.842414
1.074074
2.220322
3.210366
0.8479534
0.1876111
0.2214824
3.243855
2.1399
1.495925
1.238596
1.668058
3.497333
0.4848955
1.091459
1.073802
3.710775
1.17629
0.552976
2.642539
1.018862
2.977214
0.07239736
0.9775096
3.391494
1.719384
2.917111
3.114768
2.148002
3.479893
2.667917
3.455427
3.784027
0.2573874
3.047001
0.8821197
2.732009
2.242256
3.722845
2.217782
3.768969
1.373924
2.516986
1.065962
2.641224
0.3627426
1.217077
1.178116
0.710669
0.5060027
1.21196
1.445544
3.368105
3.537178
1.735661
0.1380434
0.1548746
0.6607894
3.076983
3.402551
2.686355
2.775159
2.246101
2.343608
2.164305
3.16695
0.1031945
1.08059
1.391681
3.771937
0.6887329
0.09459974
0.1884771
0.8807926
2.541511
2.859202
0.4151531
3.695711
2.101158
1.443133
2.187379
2.049442
2.08384
1.828398
2.726078
3.06137
3.609916
0.8179861
2.895079
3.002359
1.090011
0.023898
0.02613329
3.709142
3.351898
2.946966
1.981541
0.1232876
3.742532
2.823388
0.8877598
2.635112
3.184638
3.813675
3.252962
2.40581
2.669153
1.653017
2.435639
2.206273
0.9990882
0.1666714
0.7266274
2.71014
1.889392
2.371904
0.1508155
2.180557
0.4649799
1.929414
3.436908
0.03502678
0.6512789
3.583797
1.632479
3.108624
0.2946843
3.559377
2.636664
2.546263
0.6705845
0.6340633
1.160155
2.959621
2.397394
2.981622
0.1605261
0.4235974
1.083012
1.244765
3.783647
1.539923
1.893185
2.582914
3.92076
1.382625
3.691392
0.1397235
2.204825
3.010503
2.411629
3.706386
1.516434
3.605449
2.377161
2.821823
3.236477
2.16779
1.212052
0.9919206
3.422347
3.843013
1.721519
1.676579
2.763294
3.638447
3.795574
0.2544272
1.610406
2.544625
0.0960725
2.057052
3.085125
0.003305915
0.8336986
2.603524
1.727143
1.852897
3.03748
3.673976
2.239908
3.82767
1.432619
2.20187
0.971834
2.845624
2.492068
1.446333
1.724393
2.6107
0.9865641
1.844699
0.3226539
0.9944625
0.4011332
2.16228
3.294165
2.621424
1.095209
2.832517
1.502172
1.439875
2.37229
3.012721
2.625817
1.361939
0.7827013
2.927222
2.259179
3.449704
2.784003
3.242738
0.01722395
1.822935
2.032219
0.5243673
3.024124
1.098263
2.433315
0.8554023
3.246287
1.267063
2.426603
2.125889
3.048115
2.420438
3.758157
2.868083
2.145862
1.588486
0.991727
2.245555
0.01845984
2.628433
1.36034
2.19182
2.047126
1.342204
2.342763
1.93396
0.4933802
2.538648
1.630601
0.8139736
1.527881
0.7438955
3.320111
1.049307
0.8205907
1.998945
0.6541474
2.377293
3.825268
0.5649301
0.9206189
3.178796
1.695912
0.3141009
1.02591
2.939891
3.018896
2.247996
3.780174
2.059573
2.858509
3.223596
2.328274
1.707919
2.01819
0.3696538
2.958244
2.865808
1.207195
3.954572
1.645684
2.893026
0.7748087
0.01811216
3.99468
2.516696
3.56515
1.411847
3.771676
1.285338
2.016426
3.290775
3.151069
2.430009
2.442759
3.584622
1.593758
3.178874
1.010895
3.111744
1.114252
2.82012
0.1042397
2.542171
1.927618
3.715447
1.801875
3.576266
2.389552
0.4528174
0.6850403
1.966251
2.329464
2.763045
3.258007
2.430946
2.583441
1.910491
3.890522
3.092667
3.819556
3.406008
3.79907
1.345572
0.3963776
0.1717179
2.188884
3.373037
0.8345887
2.184853
1.674793
1.932506
0.1434122
3.508849
1.497366
0.01440234
3.151131
0.105415
3.36893
1.493548
1.155271
3.98989
2.88499
3.820246
0.8400186
0.5258073
0.8569457
3.47487
1.614361
0.5285613
1.154957
1.755886
0.5591797
2.621193
1.660771
1.181227
0.1240205
2.505126
3.540991
0.4590326
2.690881
0.9041869
3.194713
0.5734628
0.03694754
2.243242
3.593907
0.6495306
2.762668
2.968079
1.062009
2.320354
2.476211
3.351778
2.266515
0.2504837
2.792097
1.208147
3.797468
1.151534
0.1760791
2.103069
0.04399837
2.713057
0.7363971
1.584274
2.328737
0.0001976015
0.8598501
0.7993993
2.447021
2.441994
2.120626
2.227572
2.526603
2.753494
2.698309
0.7494792
1.676557
1.879234
1.511541
1.092597
1.809491
2.921485
0.4212872
1.625684
0.6395722
3.584952
1.50465
0.3146477
2.501159
1.332976
0.2797068
2.414987
2.971439
3.445305
3.651425
2.144823
2.086989
2.883137
0.04997144
0.6913192
1.953107
1.806175
1.55355
1.692581
0.2673788
2.006426
3.701528
2.590327
0.1520378
2.646617
0.5193599
1.568983
3.026389
2.08085
0.7612963
1.769269
3.064631
0.1674359
2.0788
3.200412
3.846523
2.516116
0.1431016
2.283887
3.036845
0.4919716
0.5141384
0.7495249
0.5974531
1.337768
2.862013
0.8208517
3.830269
1.23224
3.281132
1.044238
2.647438
2.170118
3.194291
0.181908
0.8161984
3.003947
0.5005617
3.096821
3.388271
2.633549
2.012157
1.992365
3.164647
0.1704525
2.437172
2.162237
1.304647
3.163547
2.020737
1.500659
1.722858
0.7735488
3.887999
2.159943
2.276119
0.7592258
0.7425736
2.858512
2.36562
0.4931247
1.430421
2.647379
1.751413
1.95802
0.9985473
0.1970904
2.663718
1.250992
3.547704
1.561718
2.6955
1.739606
3.538257
0.2063894
2.60813
3.958987
0.5304843
2.128107
2.060764
2.444036
2.01648
2.280925
0.07479358
2.748662
0.8701771
3.251225
1.361161
3.747281
3.956605
0.5723633
2.254027
2.633651
1.748468
0.8196857
3.923941
0.04327668
2.600148
0.2718276
1.680098
2.826477
1.639149
3.206518
0.08772962
0.5545113
2.534207
3.278234
1.991443
0.01944805
1.383037
0.4064683
2.479921
0.06926466
3.712576
0.7528569
0.5390148
0.5494259
1.967475
1.731537
3.749464
1.5006
2.157756
3.825958
0.5028736
1.436588
3.479433
1.485246
3.092244
0.2711169
1.220254
3.105651
1.508313
3.858148
2.531621
0.2933266
2.460987
2.478632
1.612004
2.909724
1.153574
1.32744
3.928182
2.998196
0.3531165
0.142238
3.063409
0.2202396
3.660197
3.793803
2.674344
1.040447
3.828724
2.799883
1.120175
0.9636928
1.059858
1.851372
3.493434
3.555461
1.446071
2.920234
0.9700137
2.861776
2.318803
1.716659
2.440591
3.490014
0.195814
2.837393
0.3927418
0.9663369
1.484569
2.812035
3.862789
1.60258
1.205027
1.771456
0.3374394
2.145045
1.459126
0.3160343
2.254632
2.857319
1.592144
2.721903
3.641524
3.181671
1.276655
1.497175
3.427229
1.816121
3.083023
2.868777
0.7373037
2.215091
2.80782
0.9515527
2.203262
2.055933
2.524286
2.076677
1.424387
3.742918
0.9300678
0.6876445
3.479482
3.754521
2.726515
3.172561
2.74787
2.119451
1.992604
0.5413588
2.199085
1.693047
3.203048
2.833441
2.949818
0.2679975
2.733137
2.275382
0.9051863
0.8928466
1.75099
0.4188992
2.246566
2.969101
0.1297375
3.613142
3.603408
2.890525
3.308134
0.05074742
1.118953
0.8161919
1.038697
3.164923
1.772456
2.40938
0.5184158
3.349822
3.388184
1.275486
1.806819
1.751709
2.649407
1.134977
1.093225
2.692245
1.29585
3.77709
2.494781
0.9017421
3.328259
0.9657866
0.7714945
3.431963
3.532037
0.1540075
2.984832
2.078775
2.090182
2.322225
3.064343
2.301084
1.869383
2.195233
0.2323653
1.411158
1.155055
1.70985
0.03667138
1.772308
1.518295
2.198295
1.386351
1.472834
2.922689
1.625282
2.237399
2.679253
0.767856
2.791292
2.443967
3.559952
3.966014
1.706555
2.732694
2.959981
2.304507
2.292178
3.173886
1.805615
2.314839
0.1268121
3.812631
0.3540572
3.576294
1.482483
3.628989
1.17198
3.234741
0.5760529
3.202952
1.979682
1.347089
2.286207
2.269704
3.731501
2.9448
1.858119
1.906245
1.83309
3.985874
0.1347838
1.151083
2.340385
3.331021
1.979329
2.700538
0.8243392
0.4338897
0.04967046
0.7368224
3.238271
0.07886992
1.166288
2.742804
1.244599
0.8580852
3.982426
0.4494731
0.1953292
1.497837
2.227004
1.230718
1.253862
2.307972
0.1245482
3.708565
2.977054
0.386921
2.639151
0.4113369
2.907576
1.291261
0.1209662
1.461615
1.861507
0.248745
0.8422531
3.863617
0.9385306
2.10428
0.400398
2.013813
2.12919
3.01011
3.061956
0.4545703
2.617095
2.036897
1.458247
1.193108
3.394807
2.988252
1.256975
0.9225029
0.8271053
1.881509
0.1829074
3.43517
1.568423
3.118867
0.6186612
0.02357977
0.9276673
2.815817
3.665331
3.463142
3.628594
2.649013
0.2228065
0.1890668
0.5194995
2.040211
2.731005
1.320069
1.95317
0.401161
2.173537
3.943939
2.681501
2.851141
2.43284
3.0846
0.5496463
0.2119743
1.103426
3.289047
1.111482
3.85009
0.4016477
3.412921
1.765507
1.169287
3.70124
2.141388
3.618067
2.232479
3.45697
2.032396
1.681619
3.457047
2.534388
1.641595
2.62422
1.458344
1.330233
0.8685712
1.36729
0.7273987
1.296259
1.213013
3.845905
0.8392278
2.175466
1.648108
1.384718
0.1896041
3.560079
0.9605984
1.403284
3.100584
3.062497
3.573962
0.6346226
3.348528
3.901456
1.376855
3.010686
2.472087
3.695801
3.051379
3.501613
3.927095
0.7129654
2.502738
0.1544146
1.285012
2.318305
3.704223
1.567456
0.4411012
0.28188
0.1530818
0.2560931
2.498809
0.693189
1.777595
0.4044366
0.5576121
0.2814451
2.80706
1.331176
0.5720957
2.350472
3.898799
2.822354
2.391609
3.32364
0.3694898
0.748417
1.259917
1.587167
0.9755938
3.54827
0.6803239
2.14702
1.116763
3.380591
2.942356
3.584923
1.308315
0.1963498
0.0008188179
1.704669
2.197404
1.467484
2.461324
2.833122
1.008606
1.642465
2.352174
1.311383
1.823589
2.789278
2.450845
2.006202
1.051512
3.532214
0.2723571
0.007652867
0.09608701
0.6896305
0.1439344
2.231865
1.990429
3.107301
3.999967
1.839746
1.018443
3.920016
0.3550432
3.95243
0.6005355
3.858453
1.959912
2.440643
1.318682
1.213731
1.228495
1.678762
1.276327
2.035196
0.7827056
2.333044
2.228119
2.041816
1.815284
2.097548
3.758136
0.7949614
1.272829
1.741709
1.626663
2.64527
0.4046936
0.1915548
0.0283965
0.02655458
0.1476232
0.6177369
0.8606137
2.034508
0.8686338
3.496027
0.6349242
2.771012
1.718103
0.3109152
0.3974401
3.856941
3.355843
3.277556
1.627243
2.030616
0.4552501
1.859103
1.441015
3.348067
2.747159
0.4034138
1.233137
3.793326
1.187564
0.2776724
0.3395394
0.5503002
3.740082
3.171605
2.14255
1.297688
1.101204
3.09751
3.826618
0.1063579
2.434837
1.228285
2.043911
3.082226
1.679857
1.629488
2.506956
1.52455
2.402164
2.429626
3.803443
3.76943
2.666465
0.5389587
2.676775
0.7061178
3.919264
0.6512632
2.463435
2.555467
1.828876
3.536819
3.279432
2.838883
3.266278
1.406386
2.272039
2.190026
0.7531331
3.792942
1.175933
0.5786473
1.838724
3.770009
1.397096
3.527475
3.346422
2.436251
0.04393175
2.412628
0.3765178
0.4990596
1.315827
1.80682
0.6583941
0.2279824
2.339848
2.06438
1.516763
0.4122208
2.21711
2.197706
2.19445
3.692987
1.291427
1.646104
1.640697
0.5873996
0.9010792
0.7239149
3.182952
2.777891
3.040067
0.5132695
1.476719
1.284093
3.192164
0.1823942
3.01475
0.5452811
2.863849
3.8195
3.25968
0.9534266
3.677108
1.797862
3.795659
3.737273
2.869598
2.085642
3.318066
0.9460179
2.328853
3.44726
1.445688
0.482932
0.303192
0.0158887
3.088445
0.5797508
0.9513601
1.984897
0.6979795
1.985804
0.8973022
2.824215
2.208281
2.37713
2.334171
2.314425
0.5164305
0.2833428
3.928105
1.729552
3.120613
0.4292407
2.420218
2.21888
1.066906
3.50499
3.533477
0.9003483
3.4578
2.290054
1.420545
2.924356
1.411669
2.220343
1.38114
0.5906564
0.5748197
1.455345
2.556944
0.2117816
1.654837
1.523455
0.8710527
2.086736
2.573998
1.762531
1.685935
3.711179
3.300797
0.4989771
1.231386
3.029762
0.3048942
1.155305
3.895221
1.178583
3.82997
0.2760644
2.456715
1.3291
2.232112
1.489765
3.659469
1.92575
1.972381
1.681772
2.44382
3.413354
0.9498074
1.925697
2.177601
1.391005
3.554595
1.513467
2.899149
2.672725
1.725833
0.4389654
2.869311
3.819956
1.7164
3.188632
3.532334
2.044408
3.624789
1.356014
3.479415
1.393757
0.8459281
1.872856
0.7219574
1.462477
0.9395378
2.707821
2.229253
3.561561
2.994217
0.6900777
3.394691
1.942731
3.446752
1.395431
3.378318
1.615319
1.993256
1.514456
2.065895
1.351656
3.997561
0.6181524
0.8730518
3.842416
3.086209
2.154956
1.030856
0.7804505
0.4050319
1.272898
3.797215
1.367306
2.373949
2.550888
0.1440864
2.788749
3.951607
2.30356
3.253829
2.699678
2.630049
1.739036
3.132377
2.363669
3.228079
0.5085906
0.7948088
3.241853
3.482335
0.9145915
1.527537
0.8754615
3.69555
1.188585
0.1642122
2.743795
1.623472
2.105308
1.494929
0.1841191
0.8629249
2.131416
3.99439
0.3822082
2.348608
1.171878
3.64394
2.543499
2.445104
3.203769
2.317928
2.073139
1.092142
1.128857
1.316044
2.314539
2.044147
2.047522
0.6257522
0.2079174
3.149187
1.576402
2.029129
3.871448
2.412433
0.2915503
2.253609
3.952961
1.912012
3.589324
1.203209
0.4537475
2.679272
3.62444
2.258673
2.1934
1.412633
2.20568
2.92812
2.687975
1.695216
1.164852
3.953594
1.815631
3.813966
3.062522
1.246683
3.43468
2.630114
1.692047
0.3634194
3.968579
1.270093
0.4761843
0.3977982
2.594417
3.339887
1.966567
2.280158
1.174375
0.7874471
3.318342
0.4155089
1.88657
0.6285258
3.536517
0.0401187
2.804028
1.575432
3.809606
0.1284935
1.547094
0.5475367
2.323764
1.279171
3.55451
2.004901
1.361952
0.6634398
1.895049
3.405129
3.489705
2.048837
3.319122
2.995506
2.162451
2.357376
1.567664
2.29744
3.157443
1.377485
0.1949703
0.8035031
0.8558076
0.7982893
3.075568
3.367717
2.847337
1.785408
2.904644
0.7342849
0.3736441
3.353826
0.2515926
0.01889832
0.1548581
0.04915111
1.539479
0.6751199
1.631838
1.568043
0.4161731
2.982165
1.608318
3.282443
0.8676738
0.609327
3.689368
1.732113
0.9314843
2.605707
3.354641
3.603778
2.210682
2.525331
0.4841659
0.3712115
2.834208
2.186589
3.530561
0.02870376
2.295456
0.1861129
1.813818
0.3925889
0.850454
1.929659
1.519536
3.969248
3.61509
2.651487
3.413451
2.027784
0.6604368
2.870201
3.201671
3.725404
1.535687
2.539679
3.076722
0.8418301
3.609164
2.689622
3.670402
3.343793
0.2519208
2.205644
2.332221
3.640519
0.2149944
3.240593
3.748812
3.935479
1.68476
1.383999
1.672808
0.3900572
2.220931
3.370677
0.1898455
3.932569
2.917749
1.32067
2.470111
1.365559
0.3839864
1.408073
1.140722
1.602027
0.3358113
3.632853
0.1234066
1.881852
1.48876
1.842595
0.9763715
1.024193
0.433407
0.6009458
0.02074136
0.6717811
0.2530111
2.490191
1.7121
1.052777
0.7597254
2.253705
1.151894
3.077054
0.4452254
1.102011
1.954809
3.038649
0.4852374
3.04823
3.697301
1.279092
2.503791
1.118865
1.764797
1.001543
3.186598
2.91037
0.3367512
0.2682895
2.449446
3.676568
1.000073
0.7512472
3.428255
0.5815676
3.780273
1.43792
1.114827
3.063229
3.946488
2.132308
2.284467
2.386764
0.3145967
2.964629
3.525175
3.165746
2.292903
2.349327
2.572971
0.8052976
1.031551
0.8324444
2.418324
0.09688189
1.657619
1.792352
2.316485
0.8766589
0.3711897
1.426285
1.347166
3.157383
1.712851
3.639593
0.5935219
2.856739
2.510321
1.123554
0.5716606
2.648505
2.591714
2.124963
1.142301
3.703996
2.285392
0.8094608
2.154149
2.513679
3.763427
2.012695
3.305332
2.839055
3.708138
0.05355155
3.072112
2.0338
0.2870985
2.448907
3.612802
2.822949
0.08811178
1.029876
3.825645
1.169429
2.834285
1.626241
3.936239
1.701447
0.1485272
1.893902
3.759271
1.746501
3.869921
3.04534
3.410192
0.9635106
3.449221
3.946451
3.749858
3.688104
0.992678
2.930625
1.195601
0.5510286
0.8194304
0.7292038
3.96962
2.334317
1.003618
3.20281
3.430548
2.936813
0.2656681
1.070651
3.502145
3.362325
3.72054
2.793336
1.443624
3.822998
0.8839041
3.549494
1.939498
0.1940078
2.213931
0.5983903
0.1701964
0.9711689
0.5058789
3.512519
2.234916
1.37353
2.98486
0.604966
2.9715
2.347324
3.268404
3.629166
2.711038
3.022826
0.3137487
0.6879408
0.01613221
0.4353168
3.259014
3.362094
2.123398
2.659976
0.3908053
0.7348967
1.31728
3.270941
2.062857
1.391507
1.372698
0.3134554
0.8289881
1.00527
0.8288911
3.855816
3.56126
2.723506
0.5582202
2.162408
2.68097
0.4371765
0.07581414
2.120839
0.234263
0.4021145
1.240414
3.147341
0.7281059
2.850817
1.132808
1.721069
0.1819703
2.748569
0.6770959
2.681654
3.106198
1.169823
0.6854652
3.629167
3.575426
2.782028
3.557603
2.357647
2.13088
1.360874
1.878689
1.074973
1.489094
0.4203199
2.977944
2.320268
0.5186398
2.313678
3.219825
0.03999833
3.324253
1.167746
2.759932
1.506979
3.38345
0.5310134
2.784224
0.4523632
0.4499811
2.9773
2.218143
3.94987
0.8752834
1.463597
2.698785
0.5824298
2.209205
3.110277
0.04236485
3.668504
3.106507
1.622498
2.992285
2.305623
2.306168
3.528412
3.922471
3.127661
1.318941
3.798384
2.029873
2.088777
1.142114
1.150859
0.3628754
3.076848
2.271885
1.521369
0.6951028
3.569148
1.92344
1.034748
1.569612
0.5740842
3.162509
3.422549
3.865422
1.980006
3.069491
1.13611
0.05968604
1.402544
3.605503
3.252568
1.278447
2.704471
0.06056406
3.095468
0.6818477
1.793952
2.082208
3.90658
0.8619914
0.8667479
2.884434
1.152374
2.429061
1.756304
3.899432
3.272065
2.609766
2.447225
0.7284146
3.726686
0.01636514
3.105886
0.4824318
2.88617
3.485499
0.001436748
2.972908
3.975543
0.9257892
1.753473
2.444821
3.65736
2.428449
2.498048
0.6066961
1.641808
3.183482
0.4089481
1.699014
3.358322
0.5010749
3.223251
1.239571
2.709061
1.173347
1.496099
2.143322
1.262939
0.5974583
2.562996
3.555957
0.6591641
1.453325
2.304392
2.265881
2.364532
2.148735
1.360357
2.948171
2.790852
2.770007
0.7770907
0.2238857
1.998509
1.333435
3.161191
0.1306633
0.03201745
2.283081
1.924626
0.01370456
1.448625
2.62537
0.4921542
2.51939
1.964987
1.181051
3.366666
0.8564169
2.434627
0.4892009
0.01909763
2.819658
3.541252
0.01367532
3.845222
1.261691
1.982562
2.103375
0.03896161
2.900232
0.0561917
2.826246
3.613859
1.661474
3.497925
2.169575
2.841329
3.058175
1.278334
1.611923
2.920582
1.535394
1.170445
1.398473
2.855274
3.396213
1.822191
0.227876
0.1147186
0.6040869
1.820401
1.262026
1.364613
3.350835
0.8955869
1.546953
0.3192735
0.6243513
1.27554
0.02217395
1.632082
3.533431
1.193529
2.669786
1.360166
1.4744
1.659544
0.5935872
3.104299
3.487313
0.4939426
2.589081
2.963947
0.784266
3.053493
0.6032702
1.216437
1.483124
1.928875
0.2425139
1.418207
1.572902
0.152244
2.389207
3.008388
3.016141
3.281809
0.4073984
3.480533
2.908552
0.8130996
2.163335
2.81457
1.637759
1.713291
2.550982
3.628796
2.599794
3.055093
0.5871149
1.301342
0.5262813
2.296867
1.742501
0.1808022
3.663259
0.4153907
1.555152
2.992583
2.293114
2.671541
2.073879
0.8414583
3.223635
1.946788
2.199265
3.952819
2.881824
1.923949
0.0053258
1.358848
2.378207
3.862819
3.334067
0.04652278
3.036861
2.590784
2.104572
2.124162
1.455564
0.4579953
0.8112187
2.795919
3.319575
1.219205
0.3581423
2.042251
3.287864
0.9474871
1.810523
2.610297
2.147138
3.129807
2.491277
1.697186
0.3646586
1.357522
3.100435
2.917791
2.785099
2.42662
2.745279
1.003295
1.622876
2.447025
1.47347
3.330617
3.190317
2.798774
0.3140217
3.821827
3.783069
0.3736942
3.921475
0.6217205
2.166072
0.6074545
2.824352
0.5480035
0.355935
3.117952
1.381843
2.72062
1.084741
3.91527
1.074828
0.08555137
2.166245
1.062664
0.3065014
1.106783
0.981318
3.824789
2.634604
0.6983123
0.8360666
3.382287
1.245655
1.495014
3.129837
0.8258267
0.9819581
3.412266
0.3489088
0.4811212
2.872332
1.121198
2.885966
2.431592
0.06025055
3.146963
2.059371
0.03007115
2.184291
2.867339
2.377379
0.5130532
3.140045
2.592474
2.723213
2.464836
3.25155
1.398918
2.062725
1.739653
0.804527
1.214582
2.132689
3.524062
1.271682
0.8809292
2.225396
0.5292002
1.470365
3.939996
3.718929
2.877077
2.621876
0.7438004
1.637824
2.862655
3.840226
2.676971
0.5566477
1.96813
0.6638575
2.152574
0.4772372
3.758138
2.855449
0.7189476
1.034213
3.339857
2.821024
3.315415
2.974278
1.551187
2.693851
2.758972
2.190273
2.254192
3.241822
2.751583
2.968559
0.7542162
3.778967
1.752053
1.924716
1.096307
0.5317309
1.652332
0.6025831
0.09709961
1.262561
3.141584
3.433416
2.473118
0.4163045
0.0938194
3.823191
3.859757
1.125621
2.203686
1.080817
3.150718
3.846834
3.991287
0.3088985
0.3966613
0.337539
1.445564
2.378288
0.940451
2.945416
1.192386
1.848932
3.141814
0.6126447
2.957801
1.314695
1.394305
1.859417
2.094348
1.985994
3.290999
3.714354
1.715618
2.402901
2.985663
3.837502
3.857313
1.865451
1.136416
0.6291713
1.063108
0.498033
1.321009
2.963975
2.640007
2.308993
2.89526
2.649065
3.784578
1.585907
2.050168
0.4455229
0.5043731
1.265366
2.281533
3.841832
3.320954
1.709896
1.904939
0.8375124
3.210165
3.978158
3.355179
1.024475
0.6661533
0.2096248
3.008287
0.03182102
3.191406
0.4675485
3.690087
3.51297
3.404979
2.135601
3.074532
1.292328
1.949856
2.770642
2.372565
2.839162
2.886146
1.269332
3.922198
3.695889
0.9127656
3.378923
1.109536
1.505359
3.342137
2.198893
0.5436158
0.6926043
0.3162648
0.168919
1.563691
2.091781
0.582304
2.626793
1.051757
0.1055561
0.3182302
0.2462882
3.7447
0.959475
2.99494
1.556617
2.457822
1.076156
3.303465
2.418554
1.885932
3.394456
2.904274
0.05272118
1.053608
3.156118
3.563536
0.959411
3.393415
0.7201217
3.598511
0.146041
0.8077864
3.790092
2.259572
3.963057
1.445238
0.2397285
0.3476291
1.871207
3.525743
1.818749
0.1880618
0.08829757
2.325786
1.170128
0.1796762
1.776945
0.23418
1.261842
2.434362
0.2381719
2.0911
3.016878
0.7567095
1.488113
0.5316732
1.427937
0.4772166
0.09975755
1.478346
3.942732
2.541662
3.410536
3.288634
2.683941
0.1846197
0.2120403
3.552411
1.024317
2.647814
1.670957
2.217302
2.153287
1.818403
3.437869
2.085498
2.945137
0.1641513
3.042521
1.933091
1.168467
1.992718
2.48679
3.515343
2.79966
3.075063
0.8559408
3.920731
3.881746
3.77637
1.874968
0.8492512
2.969606
3.868421
2.100681
0.6853729
2.746881
1.852627
1.845748
2.73627
3.820848
2.053324
2.479837
1.145709
1.36693
2.155132
1.563238
3.440164
2.775874
2.42314
3.058583
1.661184
2.088165
1.499671
3.074401
1.978264
2.444673
0.46936
1.084632
2.425219
0.8510988
1.670966
1.688194
0.1466186
2.072047
0.1158853
2.742423
2.103379
2.168506
0.4865024
1.58297
1.029072
3.881889
1.962622
1.348823
3.779041
2.52638
2.616813
1.633491
0.899442
1.623874
1.347284
1.6072
0.6703276
0.9372324
3.558817
0.2776895
3.137368
0.2582275
3.163475
0.1095443
2.297064
3.89428
0.3449071
1.709049
1.200393
3.618292
0.9012204
2.366879
2.984923
3.431897
1.474112
2.989014
3.282766
3.044246
2.059155
0.297224
2.922486
0.127627
3.634442
2.200377
0.9799199
3.920656
0.1866177
0.860848
3.137327
3.952247
2.516511
2.817176
0.6536164
0.4710092
2.423807
0.04688708
0.9855881
1.1121
1.621517
1.997288
2.759411
0.6433702
1.120112
2.542489
1.554403
1.380253
2.545989
1.403812
3.141541
1.476111
2.516487
0.6956699
0.1193711
1.403283
3.36499
2.435435
3.963193
0.6644927
0.07023911
0.50566
1.736976
2.638943
2.362218
1.869509
2.6902
0.7475023
2.15018
3.592871
0.9720582
2.621917
3.111834
1.485956
2.513614
1.055747
1.944519
0.6253047
0.9463758
2.132273
3.168899
1.065958
2.571813
1.726395
2.549948
3.186968
2.772584
0.6086796
2.68984
3.194808
3.15289
3.670667
3.381945
1.073163
0.4008237
3.109889
1.340207
3.457164
3.741519
1.759713
1.578581
0.0633104
1.079479
0.1025653
0.5179902
3.886812
1.664091
1.220844
1.357886
0.2868978
3.568487
3.332965
2.531329
0.352229
2.137477
3.316154
1.362112
0.9653097
0.5653777
1.891057
2.919068
2.735104
1.028282
2.554875
0.8374484
3.252656
0.6249477
1.071866
1.942117
1.923184
0.2840201
3.077074
1.943612
0.9706793
2.366285
2.023136
3.826387
2.277615
0.4424539
1.889904
1.511277
1.527632
2.121944
0.4574306
0.3118977
0.9291758
1.811985
1.853382
0.4526378
0.2547126
2.94536
0.5093894
0.7258591
3.912618
2.24987
3.884783
0.5276651
2.906426
3.514901
1.466427
0.7640818
2.09558
2.365145
0.9187242
0.3725612
1.191258
3.041371
2.834737
2.224792
3.236395
1.447726
2.140413
3.880145
0.1756396
3.489784
1.390472
0.1913912
2.220326
1.788026
2.744118
2.765322
2.818262
0.1785087
0.6857982
1.99316
0.8022189
2.285529
1.876214
2.301543
3.575798
0.3204055
1.643733
0.7913418
3.994355
2.340687
1.382456
0.7371522
1.800511
2.094166
3.011975
3.100443
3.041654
0.07749266
2.550394
3.494528
3.462199
2.646654
3.213067
3.499286
3.028024
3.546286
2.496797
2.536113
0.8217677
3.790116
1.169076
1.170428
0.1100511
2.56806
0.1226095
0.3866815
3.565735
1.878394
0.09095256
1.044036
0.3165927
0.2547722
1.15576
2.166753
0.4170797
0.1882302
3.101797
0.36666
3.095455
3.516499
3.276082
2.725553
2.001519
0.6383962
0.5404802
2.2444
2.043768
0.4416215
0.3767465
2.274324
1.126173
2.212018
0.4562408
1.439856
3.989974
2.542868
2.660892
3.607181
1.649104
0.5520675
2.573715
1.387931
2.3761
1.245464
3.091818
3.824423
3.048479
0.546648
0.2751312
1.127525
2.352818
2.000155
3.047152
0.9735927
2.360926
0.318483
1.420548
3.25967
3.823709
1.550302
1.934377
0.9001002
1.104463
0.2803912
1.502231
0.0172583
3.16277
3.541766
0.1238005
3.306923
2.042657
1.494973
2.926368
2.723131
2.099768
2.268561
0.6306031
3.437203
2.478666
2.574981
1.670547
1.712907
3.293207
0.08496717
2.968249
2.020723
1.580145
0.4992759
1.584247
3.765811
3.082542
3.727508
0.7777079
0.3943302
2.488654
3.486604
2.181762
1.939448
1.907508
0.5825821
2.264539
3.33428
2.88018
3.260305
1.201434
3.343072
0.3639661
0.5323301
2.459158
0.8909133
1.168528
3.67841
1.130742
3.044015
2.175101
1.443008
2.640066
1.060081
2.101038
3.913805
0.1168574
0.6027862
0.6812711
0.9293865
3.210727
2.65451
3.60824
3.787188
3.132046
1.857233
1.090323
2.448432
1.136806
0.4130909
3.538524
1.684691
0.4090615
1.642347
0.02820513
3.4885
1.394982
1.973623
2.000386
3.481604
0.340027
2.176018
2.471984
1.758404
0.9201986
2.543888
1.20727
2.319612
3.122357
3.350557
0.3756399
1.902424
0.08042008
2.553417
0.6580434
0.5583901
2.541109
0.8448197
0.2060281
3.74254
0.4998253
1.224495
1.388027
2.942235
2.815811
1.080979
3.617142
3.107693
3.367935
1.269638
0.9733669
2.94236
2.819962
3.039274
1.02958
3.948928
3.977184
0.8046947
0.1963477
2.130894
0.1283211
0.4304727
2.631387
3.479396
1.874908
2.203189
2.072626
1.6993
3.669694
2.302923
0.03213347
3.06449
3.464066
2.042623
1.780897
3.567278
1.101633
1.458867
3.129887
1.110845
3.563256
1.662055
3.51972
2.473023
2.115662
3.599549
1.600092
3.52889
0.5092683
1.072297
0.38247
1.363626
1.218824
3.585389
2.078113
2.136404
2.382653
1.534206
3.528937
3.551907
1.668413
0.1982253
0.2809084
0.02560844
0.8460133
0.6066259
2.961163
0.5397189
2.546445
3.832104
2.982075
3.497156
0.4656289
1.767849
0.9101255
2.364744
3.290801
0.674453
2.986234
3.037489
3.444192
2.731745
3.17177
1.02057
2.099546
1.261501
3.692402
0.9845881
3.54056
3.442148
2.930914
2.792818
2.129204
1.999851
2.001404
1.89971
3.634782
3.511897
0.2411055
0.3953258
3.735491
1.45882
3.646498
3.979859
2.281485
0.6536417
2.672049
2.843668
0.4923046
3.745983
0.5945753
3.095196
1.906861
2.651508
0.2757564
0.9026117
3.001987
1.591998
2.341734
2.435869
2.867235
3.920799
2.815086
1.706504
0.4357502
0.7555632
1.074818
1.931135
3.079108
3.263767
2.2441
3.926921
3.632575
2.201656
3.419693
0.620906
3.324369
3.770324
2.067335
1.549811
0.9836318
0.5766257
1.424342
2.893182
2.749189
3.722009
3.221762
3.929993
3.519656
0.9430581
1.369257
3.416884
3.41391
0.7250009
3.706854
3.128352
2.956187
0.7697709
0.04793291
2.408433
3.736207
3.7948
2.961223
0.3304943
0.6748947
1.507446
3.052764
1.317306
0.9632511
1.787676
2.788037
3.905253
2.163318
2.532482
2.529874
3.785337
0.5941361
1.170922
2.481278
0.07769376
2.415208
2.057316
1.287048
1.362304
2.721748
2.455288
0.7729464
2.718255
1.472128
1.245773
1.016149
1.260467
2.702032
2.35074
3.87045
1.948481
2.990754
0.3694406
0.157502
3.59579
0.03204826
3.015716
2.779274
3.597628
1.653693
3.15
1.613737
3.709423
2.547939
0.1248054
1.599738
1.596774
3.073569
0.3276862
0.7693996
1.011379
2.959235
0.2046786
1.825261
3.998133
0.07623586
3.46765
3.304647
0.5687283
3.716873
1.667269
2.538118
1.180135
0.1411387
0.4091267
2.534022
1.420509
2.951209
0.8473528
0.2112914
0.6506732
2.66529
0.05350134
1.531863
2.553849
0.8284369
1.098405
1.685605
0.6921568
3.321826
2.31397
1.28037
1.462778
0.7073363
2.92178
2.73768
0.004094961
1.232013
0.05710079
0.6720285
1.734142
2.82972
3.630083
3.722053
3.166244
0.1313395
2.255086
1.966364
3.814378
2.346203
3.733612
0.6682593
0.7275335
0.1586773
1.138429
0.8638567
0.4096312
2.909081
0.7672967
0.6313758
1.986195
2.924936
1.303046
2.870033
2.821314
3.240022
2.9214
0.0968977
3.557566
2.202982
1.081987
2.965653
3.322935
2.372254
2.224111
1.218985
2.247747
3.711323
0.4984239
2.83249
2.483074
2.5799
3.043273
1.915828
2.549675
0.71444
1.158154
2.575112
2.55835
3.182262
0.2212797
2.216648
3.778289
1.134935
1.090647
2.242279
1.175193
2.389621
1.065621
2.606107
3.425191
1.358542
0.2771799
1.780074
3.990776
3.389059
1.779769
2.491131
3.855132
0.9713764
2.99344
2.771428
2.835674
3.865058
1.607806
3.135091
1.764367
2.083136
0.5583128
2.093521
0.3295364
2.785103
3.183345
3.837459
2.385572
2.454442
2.715263
0.07693117
1.265158
3.846498
3.027424
1.012338
2.436439
3.110408
1.768187
1.715614
3.037299
1.266129
2.460982
2.486421
0.5532574
2.701015
1.620775
1.835942
1.805648
0.2152906
2.001664
3.611113
1.087564
1.227027
3.369769
3.660204
2.383612
0.3834703
3.089221
2.06575
3.695515
1.146255
0.7593937
1.524079
3.781526
1.619503
2.063112
1.697283
1.419108
3.110793
2.241758
3.212637
2.621447
0.1867129
3.705122
2.374952
0.9839336
2.863128
3.414982
1.193253
1.753289
2.241985
2.318291
3.207633
1.990761
1.337444
0.4653069
2.640553
3.247315
3.065393
1.398737
0.9570062
2.35392
2.552817
0.2836362
3.613245
1.771558
3.018379
3.762189
3.461411
1.193113
3.518059
2.849095
1.915637
3.613117
0.1047743
2.635564
3.210111
3.998961
1.967837
1.998147
1.347804
2.803366
0.5528025
3.590444
0.2961639
2.418824
3.967475
1.496402
0.7358441
2.525272
3.281599
2.951994
0.9396251
0.569421
3.592539
3.760201
1.155884
2.92226
2.720481
0.6108038
1.117654
2.717886
0.5544148
2.440436
0.04738192
2.154014
2.772906
0.1761429
0.9095659
2.213452
2.026503
2.242896
2.661705
0.4955574
3.327202
2.602399
1.131648
1.077832
3.392152
1.984785
2.392961
1.563565
3.574605
3.148864
2.087987
2.266263
2.780792
3.254097
3.102369
1.566684
0.4831864
2.135445
3.891033
1.111668
2.079112
0.7360306
1.383666
0.6832201
1.070897
3.915127
0.9954901
1.780796
1.324102
0.1189172
3.630312
3.583421
1.81023
0.007409209
0.1964378
0.1079732
0.6733099
1.923266
0.287147
0.1364307
1.267875
2.366219
1.546548
0.1460811
1.367769
3.883628
1.808438
3.088084
2.696933
1.490362
1.86733
3.039599
3.717767
2.382628
3.478009
2.289688
3.734932
3.219211
3.959142
3.818789
3.718009
2.090714
1.765301
3.267285
3.047195
1.222095
3.728682
0.7677757
0.1500076
1.920368
0.4319697
1.819596
1.589254
2.656971
3.867197
1.66008
2.17884
0.2097133
3.264565
3.89663
0.5395814
3.597402
1.034502
0.3602793
0.04519502
0.5358134
3.395443
0.6452274
0.5790021
1.040441
3.910418
1.739531
3.55114
0.02089028
3.109916
3.866238
0.3052381
1.795997
0.1199866
2.771999
2.357126
1.898814
3.147315
0.3959784
0.6682013
1.765343
3.926896
0.3917358
3.195698
3.26332
0.6123684
1.722633
0.5611631
1.140935
2.318604
2.296522
3.317568
3.249084
3.586497
3.845965
1.757154
0.1968308
1.34546
3.686521
3.363288
2.228654
3.903415
3.52151
0.2621505
1.577384
3.884175
0.8925704
2.007865
2.256379
2.646023
0.3681927
1.984903
0.8361216
0.1563555
1.839491
0.7619308
3.948905
3.042642
0.3120912
2.887684
2.948681
0.394859
3.929673
0.06341
2.903576
2.418222
2.219803
0.4685271
3.210019
1.703872
2.514644
1.28018
3.985622
2.412741
3.688672
0.9791786
1.74543
2.054923
3.902145
0.4479209
1.829248
2.09262
2.540147
2.097277
0.3115528
1.860476
3.425584
3.428056
0.7049855
0.9444713
3.149622
2.970847
3.073302
1.421362
0.3148007
2.561205
0.4772621
0.3559062
3.404475
2.874909
1.035788
3.352771
1.66045
1.080393
1.785419
2.013505
2.421968
3.33727
1.767266
3.960308
3.989522
0.4731252
3.7256
1.972838
3.412356
1.682604
1.420208
0.1543389
0.4835103
3.349176
1.095641
0.4197656
0.3661933
3.385938
2.506174
1.434571
1.223785
3.655977
1.616237
0.03966701
1.612051
2.938252
3.759041
2.696169
0.9725795
1.374483
2.859039
2.344499
0.3795307
2.106439
2.193621
0.7250209
2.720423
0.517607
0.5637637
3.0845
3.341188
3.42353
1.413361
2.351436
2.809091
0.1228979
1.540068
1.869556
1.15111
1.263147
1.125959
3.862633
3.486468
0.3748832
3.636787
3.32122
3.649994
0.4272551
0.05130723
2.506665
1.676729
0.1062167
0.6057375
0.8733665
1.029241
1.265662
1.235525
1.909548
0.9658571
2.63068
1.546265
3.614704
1.346284
3.534749
2.486062
2.02153
1.398293
1.861758
1.257235
0.8156066
3.043508
0.4801727
0.7679853
2.07879
3.397706
1.863963
1.440689
0.968883
2.856641
3.882419
0.8227943
3.194948
1.984813
1.515416
2.579828
1.248949
1.51093
0.3310699
2.229814
1.85517
1.163429
3.776926
2.058188
0.06652158
3.474787
0.4622525
2.557783
1.3837
3.923259
1.379512
2.402418
2.829304
2.085751
3.985058
0.3513309
1.965943
0.3634154
2.20378
2.781604
1.251875
3.965361
0.06385953
3.20857
2.07757
1.003321
2.402012
1.496617
2.792549
1.904832
3.632823
3.252174
0.2268734
0.7281042
0.7692843
1.353015
1.785829
2.648565
3.668494
1.50025
2.454952
3.666626
0.4027484
3.132066
2.085067
1.432261
0.7143943
3.652694
0.1753228
2.023636
2.628495
3.220705
3.174135
3.136116
3.512505
3.325193
1.924446
2.967372
3.963385
0.1663328
1.831603
3.788869
0.4394136
1.622332
1.734722
0.2931098
3.001782
0.7731005
3.059351
1.3963
0.9285978
1.053124
3.982302
1.104714
0.4237683
0.7660296
2.709981
2.440072
1.038353
2.65479
3.830792
2.587263
1.60129
1.905473
1.168506
1.952516
0.8645934
0.6357137
0.7132583
1.578275
2.700711
1.610496
3.497209
3.404774
1.246132
2.095738
1.039465
1.876704
1.069383
2.35303
0.133867
0.1567604
0.2641368
0.784483
1.134904
2.056627
2.940404
3.970493
2.741152
3.598474
3.745421
3.118812
0.7694323
1.736355
1.687273
2.544499
3.676513
1.271556
3.58675
3.971217
3.740603
2.439357
3.293811
1.289021
0.03234414
0.4476558
0.9249243
1.588875
1.083231
1.483277
0.3062711
0.0314788
2.315825
3.31944
3.114627
0.2069264
2.98708
2.391318
1.96355
0.1823136
1.968701
0.2210584
0.8853294
3.750478
2.947092
2.110707
0.6751996
2.906144
3.774919
0.1489441
2.255769
1.571203
0.1381928
1.207893
3.136842
3.771237
2.135273
2.668848
2.016081
2.634147
0.8663131
3.183544
1.949492
0.08386002
2.669638
0.4061397
2.66524
0.7995692
2.500021
2.408161
2.93007
3.353243
3.79339
1.027747
3.14869
1.651671
1.170625
2.090482
3.769753
2.312089
1.2936
3.103349
0.8656733
1.306624
2.212155
2.319197
1.797281
1.73654
2.270975
3.401802
2.815525
3.941299
2.177484
2.162196
0.8822998
3.728033
0.1878528
2.33091
1.847539
1.802007
0.01777839
2.921565
0.5771267
1.908277
0.273277
2.642301
2.890748
0.8749776
3.44541
2.952898
2.546365
3.223771
0.9462526
0.2051696
2.603579
3.175156
2.232544
1.140516
0.5159482
3.154459
2.752043
2.700211
3.383563
0.411543
1.053019
1.034275
2.126035
2.372063
2.572462
0.5533097
0.1861393
0.08943017
1.242073
1.249396
0.569343
0.3102612
1.811991
2.232724
3.017432
3.322223
2.589299
2.43352
0.9267101
0.5719618
0.1169141
2.144311
0.5146729
1.10102
3.438832
0.5975276
3.806775
1.650676
3.601661
1.659507
3.033974
1.649927
2.115706
2.696585
1.344204
3.180584
0.3492941
3.551102
3.766938
2.533298
1.719663
1.15435
1.14814
2.370832
0.2104315
0.3314804
3.802813
3.42784
3.504052
3.268553
2.972044
2.691395
2.573898
3.464782
1.275088
2.580673
2.414243
1.527034
3.112263
2.868072
2.902165
0.5294489
2.224703
0.4344273
2.307682
0.7189691
3.946719
3.216051
2.863633
1.716219
0.4391177
0.4256987
2.268541
2.603937
3.67142
1.54565
2.582789
2.022962
0.6791812
3.079111
0.8277226
3.851135
2.005956
0.3163635
3.950605
3.445153
3.90569
0.2062703
3.600722
0.8436953
2.850299
0.2837281
2.409187
2.38538
1.793418
2.417835
1.822505
3.580481
0.7112084
3.842732
1.778318
1.605512
3.285947
0.6862001
0.1223637
2.43631
3.599741
1.151483
2.17474
3.399932
0.1020331
3.231312
3.180531
0.4489727
2.037175
2.298415
0.1799526
1.211656
2.358908
2.325406
0.9372554
0.01710143
1.2662
3.844969
2.416499
1.858144
3.437516
3.067552
3.483549
3.101973
3.890633
0.4608884
1.606641
0.9482531
1.78401
3.137439
0.2859625
0.06907786
0.9670515
1.109366
1.763531
0.8040983
2.767171
1.876236
2.554146
2.824091
3.501824
1.174662
1.604801
0.4441862
3.015174
1.183629
3.390686
3.023049
3.185371
1.035217
1.392881
2.762064
0.6685871
2.993125
3.205541
3.221609
1.452749
1.788667
0.6153247
3.749763
3.9401
3.080546
2.244036
2.166231
1.953258
1.200813
0.8704385
3.585369
3.190404
3.964681
3.913686
3.102567
2.754517
2.758542
0.9356986
3.596856
1.560142
0.2948975
1.767952
2.745281
0.5630832
3.464016
1.480547
0.8956149
0.2413962
3.714578
2.742505
0.5446262
1.082489
0.0635868
0.5344055
0.04766094
1.028674
1.768058
3.45363
1.783512
1.027219
1.728519
3.699105
0.04970954
0.02602396
2.869931
2.565053
3.204912
0.4449492
0.07984605
0.5667191
2.161328
2.507039
3.993723
3.548893
0.1675251
2.826162
1.997537
3.524376
2.498762
1.117428
2.082459
1.815449
3.400955
1.269424
1.647132
3.448268
0.3581389
0.2534199
2.377356
2.883689
2.281666
0.583822
3.840571
3.291123
1.500557
1.34984
0.3100608
2.858541
3.673313
3.529203
3.910231
0.1315199
3.067858
0.7035538
1.697419
1.439454
1.28672
1.571498
3.420279
0.02478516
0.7306764
3.558452
0.8022528
1.881954
3.470845
1.38481
3.396272
2.268281
1.689743
0.8684943
3.489936
0.02083366
1.589081
0.1520705
0.1134112
2.315623
3.313596
0.1070471
3.726319
3.553664
1.450092
3.335013
3.299569
0.05485128
3.475489
2.660114
2.282474
2.866792
1.156603
1.643966
3.884406
3.791393
3.803564
1.444503
2.483906
0.9017172
3.403159
3.78891
0.6775445
0.7177139
0.8030306
1.441501
3.529679
0.8777523
3.253777
2.36626
0.1114124
2.305288
3.369919
0.5534244
2.942585
1.739168
1.732084
3.958564
0.503264
2.639101
1.288585
0.06029467
0.4155897
0.2229931
2.726165
0.3099715
2.893593
1.493204
2.407496
1.907796
0.3072132
2.376416
0.9775888
1.713517
1.72203
1.613896
1.78142
2.699105
3.47239
3.12086
2.51972
0.454143
1.232907
1.309331
0.1095731
2.227843
0.8677956
2.9209
3.613704
0.06562667
2.973743
0.6524512
0.9272197
0.7024433
1.611711
0.2157232
3.489781
0.01572148
1.619867
3.836513
2.801537
2.880545
0.8308952
0.1618283
0.1004862
2.523551
2.762974
2.435178
0.2339098
0.275231
3.455651
1.097551
3.506781
1.243576
3.51196
0.6339627
0.4079172
0.5412375
1.852374
0.4013333
0.1077407
2.857685
2.153997
1.515862
0.1447315
0.2900279
0.978999
0.3831931
0.04385153
2.232306
1.890123
1.034455
3.24818
1.325257
2.155885
2.979271
3.749505
0.276204
2.435707
3.642802
0.02450048
2.629759
2.464928
1.022956
2.161365
2.140009
1.427062
2.428003
0.4244927
0.36683
1.998978
0.4964556
3.785865
3.812913
2.610418
0.6045882
3.902341
1.279039
1.118999
0.007114105
1.441901
1.306982
1.619331
3.373902
2.168985
3.144525
3.633025
0.885702
1.067163
3.468976
3.575603
3.139997
3.063669
2.266092
0.8653785
2.197676
0.5895954
3.76317
2.334165
1.138884
2.647856
0.1821444
0.4880028
2.890656
3.911344
3.734645
1.77998
3.486161
2.277937
1.212208
3.080699
1.134281
2.408476
0.1645177
1.864823
0.6088023
1.571666
3.816968
1.006838
2.685081
2.97453
3.109008
1.550725
3.098406
0.8738357
1.00433
1.70404
3.487736
3.572519
2.145573
2.818512
0.5925382
2.579547
3.379454
2.124686
1.753693
2.635668
1.398992
1.23696
0.5020282
1.228644
2.155305
2.519254
0.8348154
0.4493683
2.259679
1.721055
2.213414
1.204032
2.280364
1.470154
1.685979
3.090999
3.038305
1.187961
0.3194289
0.5567488
2.87773
3.693536
1.781734
2.141393
3.822846
3.90184
2.258155
3.303684
0.2380053
1.898373
2.002134
0.1903309
0.7644473
0.6777175
1.968911
2.789573
2.189842
0.5180363
1.233828
1.475671
1.281557
3.952179
3.657489
2.055967
0.1469655
0.479636
3.922565
2.741518
0.05804159
3.790287
2.710377
1.818005
1.688997
0.5804972
3.573058
1.907986
2.667127
1.287572
0.8378074
3.996297
2.587481
2.344114
1.851592
0.6614395
1.658583
1.934788
3.284431
2.979974
3.318848
1.601209
2.405286
0.863099
1.629851
1.343197
2.221854
2.74108
0.9135552
1.747526
2.082105
0.4685386
0.9355491
2.785131
0.8320171
2.288413
3.825836
1.36852
2.780034
3.250183
0.4208716
2.942248
0.442682
2.425354
3.344882
0.5687102
1.608225
2.458804
3.555031
3.735937
2.318452
2.635002
1.776967
3.716118
2.597509
1.35654
0.9058224
2.855013
2.69249
1.647049
2.912652
2.576385
3.383761
0.8551549
1.745725
2.992217
2.611136
0.09351471
3.100512
0.2389287
3.817954
2.283436
2.94595
0.349892
2.521972
0.4382718
0.3238805
3.181054
2.847016
3.441969
0.4393165
2.726277
1.831463
2.693434
1.616402
3.064889
1.171511
0.7108336
3.556714
1.820581
1.807169
3.029307
3.920301
0.2896434
2.123174
0.215785
3.083451
3.082809
0.3720482
2.806257
3.594326
3.422672
1.671444
2.200874
0.3955628
3.679252
0.5570201
3.479593
1.196819
1.011493
0.6899417
0.7235766
3.543021
1.660283
0.3727042
3.543834
2.712626
0.8883591
1.406586
0.0443696
1.718347
1.423477
0.8019449
1.765128
3.669942
3.01593
2.285294
1.673772
0.6280458
1.031331
1.113397
2.266392
0.9127355
2.289978
3.84788
1.334834
0.1538717
3.418587
2.239674
0.5334059
1.754054
0.6849927
0.9595472
2.773422
1.570662
0.1258619
3.607821
0.8275125
2.421302
2.596904
0.503714
0.4258813
3.656068
3.124928
1.315677
2.425449
1.874015
2.983116
1.240801
0.3518116
0.4891615
3.386956
3.295182
3.613336
1.772245
0.7980297
0.5048463
0.02884085
0.7730582
0.8316314
3.031093
0.6179819
1.915011
3.584877
2.564881
3.127535
3.197784
1.924791
3.557362
3.256681
3.275059
0.9848549
2.541426
3.126653
2.72729
3.506105
3.596085
1.32101
0.8469883
0.7749298
1.247889
3.561815
3.857842
3.679507
1.219644
3.188886
1.401353
0.9780731
3.295352
1.069513
0.01965229
2.911793
3.963978
1.991174
2.023428
1.520347
3.866807
3.686649
1.61127
0.825778
1.508699
0.8281892
3.898889
1.337563
3.40288
0.5378962
1.17007
1.654481
0.6304781
2.35809
3.07019
0.6329866
2.14185
0.1429603
0.3048921
1.833922
1.69624
0.63773
3.419646
1.440092
3.382683
2.956894
2.251323
2.571447
1.770841
1.838771
1.812528
0.1087783
3.372837
3.714882
1.338002
0.4299509
2.369553
3.614616
1.342026
1.656913
1.352168
2.881706
2.157553
2.417582
1.273796
3.266492
0.3631653
1.26177
1.440702
3.302146
3.175519
0.6437081
0.5939732
2.240099
1.423916
3.999816
1.595347
3.523088
1.939517
0.3346714
2.374652
2.797727
2.892057
3.072566
3.705502
0.3181165
3.22652
2.392199
1.044084
1.928804
1.065447
2.286355
2.060728
3.956425
3.076799
2.31469
0.4724158
1.860319
1.851795
0.5760458
1.904296
1.156749
2.271538
3.505639
1.183791
3.824135
3.949345
3.777046
3.320882
1.179967
1.813211
2.548619
1.686602
3.17328
2.141249
3.470075
1.049348
1.955947
0.2108287
0.5915087
3.290179
1.561348
1.245314
0.1914169
3.701873
1.897901
3.1423
1.151904
3.214276
2.100336
0.5734577
2.368536
1.557079
1.11483
1.385082
0.7463311
0.6872666
0.06582293
2.708354
1.993502
0.8804507
3.263294
0.3427184
0.4603786
1.447257
1.457603
0.4577043
1.187084
0.6985204
2.227655
0.3788336
1.888301
1.488171
3.726805
0.9460129
1.193869
3.878437
2.141253
1.99557
3.468804
0.6107094
2.628839
0.2355102
0.9463023
1.737544
0.7242829
2.143484
2.877988
3.936439
2.004715
1.451625
1.079878
0.9759113
1.968427
2.334538
0.674411
2.317436
0.971178
1.759324
2.342101
3.457088
0.9243967
2.696249
0.4329841
3.713524
1.94135
0.5575081
0.9904895
2.059659
2.634953
0.5492957
1.032324
1.308333
1.418856
1.760193
1.486324
2.965009
1.045533
3.517408
3.997615
2.000809
2.44616
0.3684071
1.193276
0.9240896
0.2303207
2.780431
0.9463
2.335637
2.182537
2.632049
2.605792
0.8397438
1.919453
3.212622
0.7947398
0.3905596
0.4417401
1.207941
3.043653
0.9927397
3.376037
2.85396
0.4631193
2.902189
0.3799233
3.186329
0.6021523
2.600613
2.366103
2.994134
1.007072
2.855866
3.712654
3.007129
2.075427
2.703515
0.03110892
0.08518203
2.448949
3.593092
2.603876
3.87603
0.1245437
3.726974
3.643178
1.626939
1.261309
3.666783
1.557812
3.392608
2.336255
3.319336
0.2784955
1.13694
0.6502333
1.84951
3.334332
3.9775
1.482677
3.166076
3.288452
3.519809
0.1389069
1.242443
0.8426807
2.649243
0.6148524
2.936474
1.946622
0.2923799
2.988765
0.5898914
1.764324
