0.4993376
0.6799652
1.966986
0.8802098
0.295074
1.706561
3.118087
5.36522
2.308238
2.891646
2.807145
2.553242
2.48973
0.4096642
2.233686
2.043652
1.730584
2.322087
3.682559
0.03447
0.6903097
3.988564
0.2920116
1.121829
2.567448
2.115444
1.306123
3.557036
6.203413
1.22188
1.847974
4.451207
4.111745
0.8811765
4.116622
6.264871
2.044518
1.27599
2.462321
1.075252
2.397911
2.015505
-2.054878
0.583092
-0.855423
2.747754
2.766831
-0.07096356
3.061359
6.911935
2.327456
2.527667
0.2236669
0.1435745
-0.1514906
2.018069
-0.2069848
1.272884
4.804914
0.797247
0.8443308
2.53194
-0.1543904
2.210306
2.172192
2.629815
0.9588652
2.196649
1.740146
3.68224
2.141372
0.5608414
2.66267
2.536589
2.885719
2.222402
2.910505
-4.153074
1.887641
0.4413072
-0.08258601
1.1277
0.8084606
-3.119084
1.089598
0.9462859
3.427057
1.195899
0.6695959
4.258583
3.53227
3.61325
3.138976
-2.032243
2.278811
3.301752
3.080598
3.035488
4.287501
3.205373
3.655384
3.102848
1.727047
1.32149
2.228333
1.625739
2.958015
0.3701284
5.342843
3.620463
2.329644
4.300791
-1.998567
4.541867
2.366442
2.778992
-2.656861
3.082476
0.7101099
0.5251465
0.3201512
2.493793
3.119703
5.937609
2.478102
1.336043
0.2527152
-1.445397
3.187932
1.192346
2.223579
-1.359218
-0.5803439
2.298936
2.84548
-0.3133049
2.976439
6.413271
2.153935
5.946658
1.258247
2.886821
0.618135
1.581425
-1.315017
0.6933375
2.276154
3.643488
0.7794869
2.793647
-2.345805
1.300356
5.551729
2.356715
1.325522
5.745638
5.110108
0.6462205
0.7279719
4.267706
2.466838
0.1359732
3.978269
1.394007
4.699881
4.543208
2.997705
-3.597075
5.875936
6.958377
2.711521
4.768469
0.2496253
-0.9339949
2.366632
1.445549
0.3160162
2.632441
2.882264
6.667379
0.1869121
3.732062
6.391987
3.27893
2.420688
3.732506
-1.995786
5.198537
0.4566357
0.9122436
4.724452
4.395331
7.095283
1.445819
4.687553
1.836144
3.385465
6.27016
2.098333
3.170475
1.852353
2.752761
1.598415
6.06781
-1.220379
3.077902
-0.2387107
3.916642
5.107693
4.691653
1.680472
4.571633
0.9535584
4.629543
3.226367
-4.310763
-1.964418
-0.8994681
1.021428
1.955179
2.60281
0.5413797
1.154817
4.059615
0.7405978
5.709798
2.398467
3.79977
1.482484
5.343696
2.886577
5.58334
-1.229368
5.900562
-1.254104
1.075178
-0.6601688
0.9754599
1.231293
1.425062
2.506205
-0.2370943
2.457434
4.377789
2.840881
1.486505
3.982355
3.610846
1.212977
4.870008
1.584896
2.086278
3.177049
0.04369713
1.718826
1.881041
2.748379
2.811348
-0.5401787
2.440522
2.308086
2.958533
2.329954
-1.872032
-0.8178323
3.405659
5.565058
1.590064
1.309265
-0.4463592
-1.184724
0.7434848
5.63898
5.033219
0.6211819
2.372128
1.949086
-1.815644
0.6044642
0.6778845
2.674375
1.49014
-4.168145
5.794274
-0.05754356
2.382882
2.555408
2.092147
2.122576
1.427808
1.160877
-1.382914
0.8896827
0.8912332
4.658794
0.523366
1.809823
4.205514
1.802486
2.218675
-0.7168565
3.273302
1.004132
-0.288113
3.905533
3.502501
-1.42746
2.373143
5.690173
0.1456983
-0.5017034
2.826346
2.370456
1.957178
2.664384
1.697072
7.287513
2.152889
1.620097
3.249784
1.361525
-0.746563
-1.465879
5.075026
-1.566249
2.038796
2.358547
-2.200187
2.944908
0.901639
4.994719
-2.773332
3.157488
4.036622
2.85196
0.138219
0.3579014
1.958572
-0.424875
2.411796
4.633519
1.959794
6.469385
1.630452
2.480865
3.076579
5.664019
0.7743032
1.283476
0.4734376
2.861811
0.9316138
0.674559
-0.1011639
0.6906833
0.1883076
3.881229
2.894138
1.905059
4.31742
2.138451
1.365375
3.194666
0.3952802
3.683375
-0.3484334
3.121899
3.340413
-0.9596059
-0.2300542
5.337196
4.339762
1.103277
1.510509
2.115551
2.676726
0.8010216
2.357531
4.230234
3.672693
0.6119294
6.027519
-0.1513521
4.322999
-0.8582741
2.588227
1.597383
2.483198
-0.4230739
3.219378
3.352025
0.5360622
-0.9904697
3.032519
0.8787105
3.251758
3.851462
-0.6411636
1.127028
3.300723
-2.553518
3.116559
1.88064
-0.5486572
5.257595
0.8964666
2.250144
-0.104107
2.245787
3.256458
1.551802
1.284466
-0.3042853
1.75911
0.527694
1.84856
0.6518065
0.8673935
5.201286
-3.33808
1.58457
0.7221895
3.734868
2.401162
4.767962
0.8846546
-0.1299298
1.069162
6.817659
2.862225
1.603032
2.116701
5.396495
2.869001
0.4799376
1.479721
2.93981
2.864681
-1.4422
0.9407439
1.684628
2.32959
5.588128
0.3524747
0.6988374
4.690318
2.511121
0.07588879
4.226153
1.294312
2.148836
1.510394
2.000542
2.985985
2.279867
1.289771
3.649138
3.154034
2.391487
6.930395
7.188479
-1.023903
0.2433427
2.061648
1.623813
0.6927362
0.8273293
3.017165
-0.8650119
1.11594
3.661115
2.881011
1.344991
-1.783644
3.484442
1.175309
-1.893797
1.734177
1.46385
0.567238
0.02904396
-0.008953935
3.687382
0.2568504
2.391538
2.160232
-0.4225043
1.140805
0.07039691
2.324461
3.119499
3.540594
4.715164
2.397438
2.853307
2.481906
0.528519
2.214065
2.851517
1.923499
0.4575205
-0.9166997
2.915343
0.01847729
-1.835501
-1.263805
-1.474183
0.05401338
3.072005
3.329717
0.5180885
5.623774
1.227601
5.55626
1.611301
4.034524
0.489156
0.994115
-0.8385959
5.807238
0.3942409
-1.058811
4.829985
-0.5371321
-0.3115558
0.08596844
2.037375
0.7852366
4.899948
4.671081
1.126902
1.276058
1.146509
-0.3511529
4.429866
2.820077
3.718552
2.677467
3.576952
4.051035
3.762677
2.778476
0.08475302
3.381169
-0.5393007
2.51215
-0.2015425
2.736159
1.586398
4.175337
-0.4519692
2.803011
4.954826
-1.217802
3.018653
1.245629
3.018831
0.6507081
4.701001
5.062442
1.609252
3.614154
4.694887
0.8694985
3.694542
2.824701
0.2984791
2.238908
-0.8077444
-0.3592774
-0.6029121
2.482213
0.14368
1.523559
2.793748
1.790457
1.819138
3.347711
1.239963
3.473245
2.916332
4.064683
1.011864
3.025628
4.779118
2.905472
1.343169
2.166656
1.534241
-0.3141998
1.762275
2.244467
4.326319
1.142066
1.624676
-2.421803
3.422983
3.188084
1.279376
1.652161
2.816427
-0.8720644
2.869454
0.3276205
4.244035
4.116405
6.289778
5.36415
1.56219
3.893609
-0.9674859
1.932046
1.962511
3.485807
0.7102934
6.250822
5.889397
1.576732
-0.2956503
1.437081
3.737694
-0.1047242
2.708938
2.051896
-0.2526037
2.150702
2.34184
3.739231
-2.384381
0.9069023
1.376138
1.050604
3.098189
0.3991455
5.705282
-2.537265
-0.1278138
0.6689462
-0.8971095
4.119361
3.09412
2.457849
1.045158
4.959612
2.064672
0.974119
4.161576
1.725723
0.01842892
8.323621
5.291
3.620151
-0.3700138
1.921627
-1.390088
3.107244
0.8616241
3.861214
-0.7308754
1.564953
4.654942
-1.435622
0.7765781
4.824578
0.5907042
0.4265098
6.23633
1.967103
3.164525
3.15466
1.080629
5.503305
-0.6993464
4.545735
2.816001
5.272772
2.361513
1.899418
2.972414
5.72895
2.320409
2.856124
0.08257295
2.069361
-0.1175147
-1.990467
0.7986983
1.538468
1.712394
6.317949
1.297202
2.274909
4.082157
3.027719
-0.4690117
1.197042
3.616039
2.992372
1.597205
0.2440195
2.319067
5.380707
-1.190016
2.48337
2.048087
3.385793
2.685629
6.113617
-0.7012343
0.4140167
1.660816
0.9842366
-0.9500836
0.1070805
-1.464388
0.713607
4.156718
2.581167
4.283477
1.909265
0.009977908
-0.02865221
1.332621
-0.1545453
4.291086
3.316364
3.336674
0.6483288
-0.09083186
-1.438082
1.46719
1.67149
-2.132643
-1.606664
0.9944447
2.958491
1.380276
4.206949
2.993681
3.479737
1.163766
1.621746
2.20438
-0.3475201
3.921446
1.365871
-0.8976894
1.389158
0.2110566
3.660533
1.708121
1.468929
-1.811414
4.388351
1.546569
0.7558548
-0.194314
4.087059
2.884548
-1.59736
-1.116136
2.261801
2.904965
1.982878
0.9006166
0.5306753
0.956093
3.837341
-0.1802955
4.191483
-0.5407706
-0.4483833
1.558814
1.366972
4.586866
1.354134
3.395809
1.793033
3.034532
1.657899
-0.8222243
-1.05489
6.408819
1.254351
3.397421
1.182784
3.101929
5.374899
-1.375348
-0.7600146
3.643418
2.619421
-0.3144885
3.089328
3.14451
4.752219
0.7425259
0.3154901
0.7064937
2.931414
4.774706
1.039528
4.430459
2.418675
1.171755
3.454439
3.844839
-2.746245
-0.004077382
2.176921
0.8059819
5.648649
-0.2262844
-0.3745241
5.242025
0.8643502
0.2623819
-1.732302
-1.483966
3.13828
1.483886
3.274982
2.526516
3.443124
2.718908
-0.61789
-0.8699932
4.66051
2.210434
-2.741544
1.408808
2.256387
2.227748
1.475868
-0.09638274
1.65533
1.397719
0.7352585
-1.555474
-0.111104
-3.375453
-0.3606144
3.077884
0.6583321
2.24512
3.984471
2.933551
2.999781
3.364726
6.45111
1.077317
3.549334
0.4206391
2.603515
2.578034
1.270805
5.23494
-0.2859203
1.681921
4.834086
3.184845
1.472112
1.871585
4.375298
0.8934235
1.78523
3.346959
0.01152205
3.809429
-1.220736
1.903745
2.779023
2.540449
1.161184
0.9607821
4.770604
5.563111
0.4317196
1.190399
2.114252
2.863476
1.795381
4.842262
0.6127947
-1.021718
2.997136
3.022756
2.627117
1.107242
4.514912
1.292512
2.125852
0.645244
1.724733
0.9244693
3.210612
4.400208
1.430892
0.5312441
1.311518
3.168649
3.06493
-1.745334
1.809608
3.665463
0.7553127
3.527006
3.958897
1.64916
1.657932
2.519791
3.685943
1.048644
1.473593
1.327476
4.223748
0.8947715
1.408786
-0.2452638
5.760865
2.592835
0.12114
3.587855
0.7552303
-1.139619
1.657603
4.858163
5.463851
1.408013
-0.7776608
-1.013457
2.052219
0.7448407
0.1785519
1.322848
5.560128
3.170972
4.770158
1.002191
3.968915
-1.705887
2.6865
2.003301
1.611196
4.720361
2.214085
5.016474
2.999053
1.451955
-0.4580939
0.7454816
0.02590908
-1.31263
3.06286
3.385826
5.394746
6.668263
2.820156
2.504296
-2.16278
3.775081
-0.6156916
1.606871
4.063918
3.209221
-0.6809344
5.394303
0.7981875
2.081034
1.437976
3.862113
-0.1448625
1.98632
4.399738
0.9071366
4.922192
0.3209788
4.983072
1.434594
-0.05624493
-0.6599349
1.290033
2.864885
2.660793
4.989932
2.629623
-1.475605
2.6301
2.819609
2.042337
-1.325367
-0.6523598
2.13449
4.405386
1.141917
0.7982678
0.9830668
2.656157
3.296344
2.018789
2.007049
3.064616
0.9239018
3.464762
-2.329798
0.1699723
1.711866
1.585096
4.213908
1.21462
-0.3566236
0.3624827
4.642914
0.3568082
4.825582
5.582878
1.175277
1.083347
0.9602407
3.505687
3.14304
1.705945
3.353297
1.503723
-0.7706658
0.6739822
1.880594
-0.6008776
3.465943
1.460508
8.577485
0.3393849
3.849736
2.090401
0.678989
3.808084
-1.003695
1.445685
-0.9564152
1.65476
2.878957
3.285954
3.380983
1.348126
5.465556
5.282427
0.6013159
-3.550377
0.5941732
1.133324
4.674887
5.441001
3.045365
-0.7510065
1.646274
-2.360098
5.461585
1.407006
1.77787
1.65896
3.140605
2.186638
1.893913
-1.608912
0.6302905
3.201953
-0.986014
0.8461885
1.586544
3.985814
2.438299
3.936708
1.279298
-0.8678713
2.0873
4.435067
3.536419
1.844711
2.303262
1.113825
1.489775
1.748084
1.377052
3.895262
4.446329
4.103686
0.09428705
-2.207941
2.082526
0.2383563
4.091553
3.107328
-0.3833801
3.728942
0.5574891
1.613725
1.644962
2.794783
0.6694244
0.5898137
1.784012
0.3820748
0.6909332
3.746219
3.573785
0.6167526
2.161224
1.035607
-0.7140374
-0.6271084
4.893832
3.036437
2.499268
4.083501
5.141736
1.69206
2.256603
1.472361
0.9322479
-1.304416
0.6650757
0.06810337
2.979017
1.317481
3.85768
1.66101
2.490959
-1.085724
-1.939789
3.199377
3.630231
4.834285
1.478311
-1.347424
6.060879
1.570842
4.134404
-1.720699
4.797541
1.455748
3.574895
1.109083
0.007647527
4.171293
4.168355
3.112566
2.051569
2.027174
2.641883
6.043554
2.364672
0.2035534
-0.1176729
4.029994
-1.171637
1.034928
0.2320198
0.4292219
1.885691
3.547653
4.737221
1.877102
1.622229
1.807933
0.995218
2.131959
0.2338052
0.7564135
1.906809
3.185692
1.60298
0.3878301
-0.2056452
0.6493386
0.6287758
3.917753
0.5162886
0.100321
2.706304
4.671292
4.289933
2.311462
0.4901443
-3.661176
-1.407732
3.301418
-0.7241355
-0.1853716
2.033329
7.372742
1.542381
1.99631
1.545203
3.755971
0.7004897
0.4942955
4.314031
1.987615
4.182236
0.2179276
0.8512881
3.691768
-2.06499
-0.05188061
2.498539
0.3186302
4.714163
-0.6210115
3.241067
3.956668
0.966778
3.167548
3.415968
3.456454
2.649121
3.256555
4.285371
5.024722
0.08614073
0.3788874
1.020281
1.822659
4.662139
1.398296
-0.2953764
1.230363
1.941006
2.995979
4.619211
1.883245
2.372431
1.097747
3.591696
1.969186
3.548928
2.910872
2.95022
-1.008435
-0.7294719
3.684245
2.735907
1.281276
1.379701
2.234496
0.08416043
3.821718
-0.6172325
0.09322637
6.097698
-0.201679
3.106579
6.399186
0.1454772
0.8778294
3.600057
-0.04238502
5.485833
2.526013
4.067787
0.6897309
2.329412
3.50088
0.4219089
-0.07111988
2.324599
2.82865
3.441453
5.275412
2.43102
4.990326
0.1992955
2.935638
2.452825
-0.9867868
4.187389
2.793895
3.740382
-0.5684232
-1.079614
2.773664
4.861378
2.622124
1.682727
-0.3605304
2.445297
3.228297
2.325433
0.9780654
2.731565
1.015089
2.86101
1.44271
-0.7794098
0.7408952
-0.6433697
-2.341261
-1.119691
1.05282
1.904516
3.909818
5.05623
3.738278
4.720319
-0.7694077
1.861145
2.824568
2.496566
4.211251
1.033543
2.972163
2.597349
4.594981
0.7546459
-1.900704
0.8984974
2.502411
-0.2679515
1.280802
2.066138
0.280499
6.384731
4.10967
3.472274
0.609834
-0.05330593
-0.2585117
0.7500572
0.5859696
1.744104
5.993369
1.977496
2.359204
0.3278669
2.866423
1.206278
2.315894
5.466103
-3.013284
1.388967
5.584856
3.159377
1.86076
-1.034833
2.748831
-0.497206
1.562203
1.418938
-0.06669969
2.195591
1.644701
0.5978028
-0.2300369
2.169457
2.758276
-0.4470206
0.8496556
4.196931
1.05137
0.8483618
0.1573642
0.7319309
1.293724
-1.668553
1.423607
0.2987034
2.553846
1.910894
0.6732597
0.6520199
0.926903
-0.4118524
1.037347
2.4526
2.724951
0.8321672
2.354211
1.776476
-1.980384
-0.7698014
2.161358
4.971182
3.477948
1.795855
2.885433
1.875199
2.738929
0.6994315
1.738238
-0.9935938
-5.549798
3.706922
1.359897
2.463479
1.351153
2.601382
3.614686
3.368696
2.50992
2.536494
2.07026
-0.7242705
-0.4678617
2.321031
3.939617
4.232541
6.665042
3.374307
0.1163664
2.107894
4.152965
4.363517
0.3391399
-1.927367
2.34563
-2.329477
1.761349
5.977936
-0.5162254
1.270735
5.457248
1.141177
-3.224784
5.659791
2.631127
3.694991
2.447181
3.316954
6.450621
1.614758
1.493706
4.807306
1.900013
3.848499
3.279904
0.9225343
5.211512
-0.8011561
5.254836
-1.015178
0.7784041
-0.0009098166
1.209711
1.989167
2.471453
0.1313659
2.325036
0.4479451
0.3741169
2.124698
5.370181
3.902853
0.6546509
2.879401
2.580882
3.208321
2.671675
5.810511
1.82479
5.171013
-0.08320909
0.1825412
3.998443
2.672474
1.366871
-0.9410777
-0.2101011
-0.05662493
1.459709
3.660971
-1.384107
2.606544
4.160054
3.932969
1.839959
0.5016016
-0.03229109
4.924394
-0.322025
3.584011
-3.458725
2.449005
3.744041
-0.7358411
1.676925
-1.469423
1.96893
-1.558756
4.825591
0.7529355
1.49436
3.602905
-0.1680308
-1.096729
5.352395
0.1892706
3.394979
3.198229
1.064038
4.006128
-1.874421
0.2074824
5.557286
2.929748
6.998322
0.2789904
6.637835
1.468969
-1.806429
-2.042591
3.900601
3.811405
2.274916
2.907291
-1.934421
3.12944
3.048598
0.1052777
4.222664
2.599753
1.7503
2.291506
3.299892
1.186656
2.363372
1.505176
0.4194893
4.708114
6.09653
2.375301
1.357717
-3.623596
3.119349
5.022323
3.909927
4.937993
4.694952
2.113669
6.334079
0.6865086
1.412158
1.489509
5.831625
3.510573
6.898994
-0.0353435
0.7400707
-2.160281
1.075197
2.893551
1.963969
0.08736134
3.840824
-2.047891
-0.002303657
0.8545528
0.176109
3.444195
0.05853913
5.404852
4.384998
0.04634421
0.8116748
5.172364
0.6393756
-1.207089
3.83125
1.927726
0.5594634
1.863431
3.199833
0.4658502
2.10695
3.05595
2.461427
2.664131
3.251603
-0.7644852
6.27297
3.959397
4.295867
0.7983204
0.6483748
3.73062
1.783536
1.959585
2.371922
1.766692
1.255478
2.146958
6.047921
-0.006781562
1.025887
-2.433185
1.41766
4.155156
1.077117
7.536398
2.339361
5.860116
5.061546
2.879156
2.661658
4.132056
5.99816
-0.7388586
0.3834757
3.706672
-0.4722269
1.789302
1.665917
4.235746
1.839315
4.247587
1.166062
1.645225
-1.400055
-0.133392
4.061471
3.050975
6.514213
4.018994
-0.1012544
2.513339
4.2287
0.7747038
2.462393
-0.9637824
2.773606
1.025838
4.624479
0.5111619
5.089328
1.53983
1.760686
0.1456987
-0.04887778
-0.7651923
3.33166
0.09163024
4.876776
3.61533
2.33285
0.738821
0.5153269
4.450321
1.654533
2.204472
1.206215
0.5157185
-0.7649919
3.302973
0.9128247
0.1670345
0.7998733
-1.449489
3.825743
2.271503
-0.9898905
2.080258
1.979261
1.574637
1.966856
0.9904427
3.068594
3.320403
4.550522
3.510243
2.12934
0.7490059
5.381929
2.807868
1.973823
0.4603181
4.212486
-0.333192
3.789855
1.707633
0.1892596
3.479406
2.963592
2.195874
1.255752
-0.3961708
3.162022
3.600342
0.7772658
1.778854
0.391418
0.7097804
4.36742
3.340769
-1.019357
5.542792
4.144829
1.946536
2.384897
1.690816
0.6088654
0.760076
3.380189
5.39451
-0.9091105
1.934204
-2.686734
5.015021
2.38222
1.409902
1.987676
4.5961
1.4921
-1.984477
-0.6574955
1.513136
4.477948
3.585212
5.995487
1.446463
1.358313
2.329071
1.202459
3.55257
0.1224692
2.314602
2.477144
4.976466
2.939444
4.9331
2.020003
4.665035
2.569444
2.341247
5.582197
1.909645
0.3046203
3.798674
3.70535
2.951222
4.549167
5.381629
-0.7917683
2.204263
2.019798
1.117787
-0.3251869
0.643721
6.273564
3.867367
4.755872
1.1602
0.06824492
6.197702
1.469517
-0.1845055
-0.2364024
3.423873
6.576524
4.221984
0.352312
-1.656333
4.312922
2.21745
-0.4441047
2.831981
3.387521
2.132264
3.920755
-0.1020782
6.422112
2.311831
0.3506655
1.947103
1.716615
-1.387532
3.2898
3.714704
5.356453
2.065224
1.288146
2.554555
-0.4213456
0.9555801
1.532404
1.983271
-0.4060381
4.832076
-1.21795
4.353111
1.513949
2.695762
0.830933
5.876758
3.790282
1.581449
5.537137
3.105705
3.213215
0.9180706
3.190357
-1.172629
3.600471
4.789006
3.364322
1.846773
5.401466
-0.6521
0.4598799
1.657789
-3.709112
2.616625
1.894217
1.575312
-0.2785941
3.463745
-0.2062786
0.3310571
1.93807
2.017432
3.542782
-0.9196383
4.196896
0.5323603
0.587032
2.632066
1.095478
3.477289
4.76
2.32456
-1.141822
3.367362
4.096176
2.533403
1.430487
2.664897
1.638444
0.1859307
-0.1061809
2.17223
1.468141
5.03238
1.807443
1.240345
4.192352
4.540547
2.510518
1.901519
0.477519
1.63806
1.419557
0.2808172
3.180122
4.094811
0.6716979
0.3073321
0.3073914
2.112831
2.592629
5.510917
4.360425
3.191727
3.631051
1.577404
0.3235328
1.405628
-0.563544
0.9975819
0.4010952
1.31435
6.089732
2.459687
5.113923
4.165909
3.905065
4.025479
3.804525
-0.0223208
2.39047
-0.925503
-0.6891286
2.305079
0.1875263
2.871953
-0.1544971
4.051273
0.983627
4.141299
4.646355
2.058316
1.796947
-0.2564916
3.117835
3.160795
3.513929
3.017374
-0.8456498
2.529817
1.12727
0.2884863
2.664777
4.334752
4.860011
2.496097
1.424042
5.813252
4.514951
4.721527
2.268657
0.5906657
2.805902
2.967146
1.219639
0.6991794
2.394395
0.7195147
0.4385495
1.530895
2.306683
0.4201512
-0.7265007
3.511134
6.034104
1.226152
-1.096232
3.952092
3.978048
0.1981655
1.466455
3.725946
1.387341
1.215202
4.500513
2.782781
5.445086
2.282852
0.09375117
1.586388
5.483202
0.005035591
2.220134
0.9600383
-0.521924
-0.7936309
1.072035
2.088173
3.506965
2.036074
1.601835
2.719444
3.070074
3.722732
2.183353
0.8531563
1.605794
1.693395
2.059514
3.736544
0.6689164
1.201379
4.570827
4.058942
2.66932
4.094539
0.8359956
1.973181
1.061479
1.366063
0.5860754
0.7280084
-1.498304
1.525849
3.135365
3.631759
0.2168077
3.9908
1.739495
0.6264085
2.652203
2.506134
0.5830883
1.55903
5.609111
1.019821
3.13547
5.30334
0.04135919
4.85031
-1.114185
-1.598211
-2.133865
-0.3290019
1.424368
-0.5414331
0.1646327
-3.471099
0.007491438
1.30377
-0.06105962
2.263588
1.40066
0.419279
2.734003
4.9108
1.754035
-2.458941
-2.522532
1.369699
4.593438
5.258625
0.2953845
4.517734
3.674958
1.341313
1.456415
6.000345
2.079873
0.0163335
4.830255
3.248631
-0.07964883
1.982546
3.918949
2.449373
1.355687
4.445489
2.367541
2.423497
0.8385786
2.915231
-2.006441
2.747269
1.644247
0.3919029
0.1726888
5.494227
0.7197795
2.454058
2.751955
2.385412
3.245746
0.4756827
3.504258
-0.9983896
0.2426495
-0.2236552
4.923641
4.517698
2.095554
4.386709
0.9506494
1.454388
0.05998635
3.786424
2.39003
5.185471
2.941984
3.232157
-0.4420087
0.7094762
0.08454264
4.532914
1.796005
3.11533
1.640959
3.174988
4.315088
0.4118727
2.449471
3.543942
4.099632
1.228008
5.331272
1.816803
2.077024
5.634515
3.411446
3.04515
-0.230981
4.996138
0.7513976
3.329164
4.609586
0.4534739
3.191321
3.397198
-0.6270809
3.736679
3.300969
-1.922226
3.754785
-0.1940234
-3.092137
-2.506579
-2.308694
1.315397
0.04040982
2.589587
3.183701
4.556916
-1.240232
-0.1626994
1.607403
-1.356728
4.194361
5.768605
2.750651
0.5973551
0.4541089
2.101709
2.248967
-1.002342
1.879447
-0.8437398
1.55527
1.704299
2.67228
-0.4230692
2.188372
0.03467687
-0.04913046
-1.275052
2.959338
3.847229
2.38756
3.093208
-1.793824
3.277853
-1.644529
0.5675196
1.631039
0.3708385
3.257779
1.655527
6.852534
-0.9416229
3.141681
1.292313
1.516123
2.915832
0.7749587
-0.8432333
4.624554
3.003703
3.603365
0.9816883
4.057179
3.625629
0.6821413
-0.6489908
0.5300433
2.667021
3.483248
1.650147
1.830267
1.795334
-0.8813308
2.989466
1.286932
3.768261
-0.651985
0.408072
-2.712475
1.78828
1.978097
2.720148
2.983279
0.7468573
1.642255
3.436343
-1.166849
0.4852372
2.788959
2.478679
4.364524
3.070069
4.261562
-2.028334
2.689553
0.4067853
2.629126
-0.1732358
0.562286
0.9445515
1.030147
3.699277
2.973787
-1.263636
3.21918
4.024372
3.497641
4.071873
2.254177
0.8067539
0.6022418
1.749936
2.13923
3.895898
1.777841
4.607795
1.549631
-0.4957929
0.3076523
4.694649
1.677967
2.396045
3.122231
2.743939
1.694907
0.2572873
-0.6948367
2.875742
3.889722
4.026017
0.2050844
1.943193
0.7050269
-0.168849
3.249323
-0.7464734
0.6442899
0.5390257
-0.8778056
0.8313544
4.193989
-0.2515724
0.05821695
4.153761
4.39674
0.7417667
2.626718
3.320654
2.870754
-1.426256
2.034372
1.40141
0.3228682
0.8982655
-0.2458607
2.292352
3.496921
1.533771
0.5314339
5.875714
-1.847554
0.2411758
6.464007
4.930905
1.659871
1.820536
0.472684
1.012565
-2.125341
0.7886267
1.729235
2.802983
2.113214
2.133872
-0.01427056
-0.09841237
0.6587987
2.882231
1.353776
6.182019
0.7813902
-1.774697
0.8187801
0.5696476
2.881812
-0.764518
1.198469
2.372602
1.708995
2.322312
1.870111
5.188021
1.134993
7.341762
-0.05154592
-0.443509
-0.3796428
4.613333
1.592505
3.297236
2.189115
3.321117
0.5036337
2.825222
2.363575
3.989609
2.109668
0.09709707
0.9386803
1.804562
2.583035
2.510015
2.07802
2.53459
2.152697
1.5942
4.931994
0.9043335
4.720845
0.7526969
-1.068095
0.9132919
2.472655
1.667717
3.507159
0.1030113
1.703933
1.176454
0.9188636
0.7504836
-0.0002081736
0.3286052
3.432194
0.2660464
3.244353
1.318311
-0.1545408
2.201222
-1.727883
2.361975
2.942999
0.3467802
1.618879
-2.859461
2.690421
1.916634
2.763984
2.015738
3.239206
3.092855
-0.3721701
-1.078383
-1.349837
2.46626
0.1947295
2.86125
4.382101
2.682631
2.369898
-0.9544276
2.287524
1.213554
4.388369
0.8192333
1.666861
6.603897
2.897185
1.517419
1.759525
-0.9022041
5.876903
0.3487836
5.914307
2.811509
1.60673
-0.1550908
1.664365
-0.8047292
2.720272
2.594466
-0.1440977
1.062028
2.861052
2.68236
6.449695
3.91455
4.898793
1.302377
2.517322
2.696982
0.8391951
0.04101804
4.24349
0.8614182
1.667576
-0.3124554
-0.1584862
5.68647
3.283612
1.181756
1.320801
2.30561
5.114573
0.3161088
0.5709604
1.675662
5.511266
3.091394
5.704038
0.8507504
1.966828
2.945016
3.483183
0.6030296
3.144547
0.1299395
1.123393
1.95124
4.137054
3.260052
1.333433
5.277598
1.365022
4.142604
0.6417752
2.757053
3.081318
0.7590746
2.451614
0.6055534
3.189128
2.511066
4.938731
2.797625
5.045635
-1.681038
0.1924957
2.733385
1.615121
0.1501698
2.784799
1.485375
1.584352
-3.036901
-1.714605
4.71296
4.664892
2.005313
4.61294
0.5535296
0.514225
2.876575
-1.269083
2.410651
3.73423
2.311444
-1.332711
4.737357
2.301725
-2.179552
-0.8770288
3.385861
2.288747
1.176456
5.156496
-0.2366883
2.483712
0.5774835
5.79905
3.555501
2.130253
2.033198
4.890443
0.1743553
2.360631
-0.7858026
-1.389792
-1.139032
2.377051
5.19254
3.43834
4.663998
1.436095
0.848893
1.46241
0.1216393
0.5699983
-1.714212
2.505254
3.331265
2.048305
3.888595
3.84016
1.007601
2.039924
4.522821
5.291728
2.816129
2.475244
0.8912291
2.971944
-0.147247
3.9012
-0.6764824
2.445271
1.421845
0.9045366
3.61355
2.341635
2.602309
1.508114
2.43902
3.319336
0.7378003
5.732469
-1.062657
3.652148
3.738227
4.719946
0.7132743
0.1038747
-0.07902516
1.871671
0.1863205
6.258405
2.770269
3.309465
2.34508
3.296126
1.386676
1.690266
-0.967653
2.998466
1.280392
1.324275
4.004222
0.2770803
4.067447
1.461081
1.713629
-2.725803
2.893261
2.429044
1.817834
4.691219
0.8156226
-1.645818
3.213043
0.934163
5.409649
0.7104123
0.8987179
1.215186
0.4280889
5.08265
0.3407131
3.257528
-1.635243
2.801271
2.087627
0.8703083
2.859895
2.781367
-0.4505752
1.643429
-0.3832744
-1.711047
0.5221086
1.896384
-0.03068454
4.046983
0.5971108
-1.021751
-0.5691983
2.595582
-0.007349979
0.8741371
3.002767
4.986938
0.9813765
1.392502
3.775111
4.401645
0.7381357
1.820192
1.940932
5.863636
4.472114
4.94743
-1.273232
1.394552
2.963273
-3.644831
0.7228331
-1.439181
3.423361
0.06373911
4.200217
-0.20056
0.8905911
5.160565
-0.9178077
2.667975
3.03666
2.822961
1.257652
-1.142653
3.920817
2.229899
3.086282
-0.01172813
-2.878685
2.301297
-1.86762
1.300063
3.287366
3.699867
0.1826625
3.763769
-2.031766
1.640927
2.278294
4.801978
1.673247
1.998489
-0.4774289
4.41411
1.933243
0.7117688
2.206308
5.856676
4.591882
4.328269
4.818992
4.421146
-0.2183469
1.043844
2.488848
2.777874
4.004041
4.462532
-1.38931
2.262113
0.005541413
2.391039
1.32819
0.503672
3.007733
1.663561
2.122791
2.799621
-2.921881
1.315862
1.125312
1.882357
1.295613
-1.392674
1.93476
0.1562521
3.447517
1.53574
3.289306
-0.8573172
4.936756
-2.266325
-1.229761
-0.410047
3.057511
-1.999142
3.151667
2.136616
1.130609
4.469813
2.635588
-0.2190427
2.590808
2.98355
0.902139
2.317663
1.441596
0.727004
1.767955
1.105183
1.375321
2.47106
3.464562
2.402327
6.032225
2.802827
2.491689
-0.5981624
0.3368935
-0.06700076
5.084359
-0.3788332
1.752705
2.722835
2.209681
-0.7772959
1.242966
-0.2984713
5.621759
4.340713
-0.8083003
-0.6751931
-2.749192
0.3471024
0.5615276
0.7125248
2.546272
1.67342
2.840373
1.342769
0.6829837
0.9308725
0.5669471
4.557543
-0.0809619
2.074249
1.648183
6.615019
5.149605
4.404537
1.662728
3.188676
2.300044
2.266152
2.482
-0.2867018
1.020148
4.720462
2.78717
0.7371945
3.174948
2.936557
-0.363845
3.423121
-1.46602
-0.1197093
1.763777
2.27428
3.354309
1.53099
0.6691785
3.143233
3.583524
3.460525
0.7980826
-0.4700169
3.059086
2.902036
1.938886
0.7809723
4.167056
2.829637
0.7050654
3.124774
-1.896688
2.413892
1.315471
4.241337
0.4818285
0.4752139
3.910409
1.638924
4.272412
3.796079
3.74254
1.877495
0.3848722
4.257789
1.99499
3.276237
3.455146
5.248251
3.275115
-0.6847781
0.002971733
-1.260874
-1.879644
2.217568
2.147434
2.205284
0.6642615
4.145006
-2.722936
5.946635
3.46518
3.149798
3.763965
-1.174649
1.344845
0.9939234
-3.319435
2.495533
0.8308332
4.197052
-0.01356729
3.293894
2.038301
1.206206
0.5251148
2.094227
0.5852152
4.633459
5.068888
-0.3723166
4.981873
3.643559
3.196936
-0.2432087
2.621756
6.25225
1.607676
2.925503
4.283947
1.389776
4.511481
0.04486041
1.734431
1.156061
4.527415
-2.851565
-1.376253
1.157817
1.901689
1.703229
1.243927
3.571396
5.589008
1.587928
5.393363
3.175611
2.425934
1.339827
3.527909
2.893596
0.6579139
0.2468433
2.672315
4.590138
3.454945
1.924383
3.565543
2.124212
-0.8615542
4.894954
-0.1226946
0.979655
2.84072
0.5152703
2.774942
1.602681
2.167748
0.8803911
3.438266
4.763357
2.228161
3.692293
1.23443
-0.4009009
3.350967
1.256749
-2.037042
1.5023
6.552144
2.03185
2.066915
0.9817884
-0.6710718
2.242775
4.639616
2.49145
2.062446
0.1054712
0.8393878
-1.778949
2.787506
4.631554
2.012508
3.906378
3.261178
3.747332
5.077123
-2.655413
4.253086
3.588862
4.369332
2.096283
5.459678
-1.15988
1.569024
4.088793
-0.6171408
0.09033669
1.976395
1.82293
0.5918474
1.899499
4.160281
0.6289592
3.441685
5.89304
1.796984
1.506789
1.069801
0.8642998
2.328892
3.726834
3.948313
2.774353
5.101968
1.17939
3.771251
0.5184691
0.8646268
0.6862836
3.781232
3.879825
-0.5319584
3.187356
2.094369
-1.488481
5.557311
1.441269
-0.5918364
-1.055299
3.889924
1.231728
4.781994
1.598371
-1.278538
2.636242
1.029324
3.452068
-4.427519
1.581101
0.7970264
1.698586
1.349108
0.7390069
3.324281
3.993822
3.666697
-1.069755
2.125883
-2.272268
2.420527
3.837806
3.24757
1.501243
2.798063
4.213823
0.3153822
3.356636
4.317789
2.376926
-0.7745323
-2.258421
3.908252
3.482513
0.6782623
-0.004591055
3.155986
3.403231
0.9534082
3.630198
-1.083684
-0.8001517
2.225441
3.313793
2.534791
5.749795
0.5172031
1.396337
3.043979
-0.3261474
1.605281
-0.4880856
6.174095
3.091059
-0.002416181
3.597399
3.992271
4.177522
3.127291
1.874535
1.391669
3.343925
-0.1214063
1.358789
-0.3891865
2.524764
-0.4304715
1.139997
1.201069
-0.9187059
-1.172495
2.985215
4.317037
2.753721
3.091081
4.418573
1.893993
0.4799063
4.131894
1.233943
-0.2050192
1.881738
-1.615899
2.778832
1.260426
0.4555104
-1.721531
2.714488
-2.163047
1.902182
2.545179
3.068538
6.035805
1.04079
3.153659
4.467435
1.067876
2.252783
3.640544
2.699821
-0.2122978
2.495216
4.512488
-0.4472064
1.113629
1.327967
1.77925
1.91205
0.1211481
3.051271
4.187582
2.489876
1.975512
0.02609964
0.9170655
0.2215698
1.868084
1.404835
-0.476605
0.7381532
1.737055
1.354342
1.735382
0.8876658
5.208546
4.491295
4.94975
4.173223
-1.849501
2.158489
3.854435
-0.5414708
3.904227
-1.99228
1.403874
4.029336
2.235464
4.920725
-1.065636
2.801329
3.150539
0.6350124
1.021637
3.368524
1.375835
0.7879722
1.694811
1.795686
6.253918
-0.625339
-0.3691655
1.033147
0.1178286
2.710191
4.835874
3.460933
0.9938251
2.970434
1.969909
0.6973414
1.950352
2.541843
3.351623
1.139708
1.659516
3.929182
1.300097
1.955918
0.6135336
2.975832
-0.5758722
0.3816976
0.9152425
1.045923
1.781746
4.56551
1.72595
2.536611
1.469315
0.5572744
-1.893565
2.916093
1.34544
1.681854
1.829451
1.924397
0.7302386
1.185507
0.2486929
1.765293
2.924647
2.590416
2.423146
3.957501
3.198195
2.528259
-0.5637903
2.719766
0.07398463
-1.785379
2.608461
1.486012
1.774109
-0.7753703
-0.8561998
-0.656786
-1.440069
-0.4228113
0.6655689
-0.1368699
2.024821
0.849612
4.715893
-1.787362
3.753879
3.386492
1.876896
-0.8137884
-2.284905
3.490907
4.450173
2.860002
0.08984105
0.6719705
2.656107
1.008972
1.462912
2.269545
-0.3660185
0.6508658
0.2570097
0.6920856
1.355674
0.3462159
3.207752
2.540949
0.9390577
2.886358
0.6877352
4.02046
0.3455602
1.191505
3.832472
-1.132166
5.717369
-2.264173
-0.350935
2.325981
1.166929
1.915772
1.41107
0.6467163
-1.15073
1.568107
2.805673
2.495122
2.061325
3.261185
3.35989
1.355576
-0.7585968
-1.925411
0.6342652
1.709887
4.844012
1.597406
2.146543
-0.3015018
3.520598
2.857574
1.780748
2.670803
0.2242876
2.107816
0.3921622
1.187486
-0.6104084
3.041724
2.535553
4.34172
-0.1408704
1.381332
0.3155343
3.276333
2.177939
2.668321
2.816325
0.3520408
0.6022604
0.3238123
-0.3828955
3.11524
0.2815529
0.2245089
0.6687021
1.573968
0.3775097
-0.5596826
0.5847499
1.811109
0.7372698
5.02194
4.383683
1.287452
5.539575
0.8086081
5.553447
2.670636
-1.766423
3.292078
2.478626
2.379165
2.118304
0.04352213
6.512972
1.50797
1.87895
1.767346
1.630093
1.216106
2.770914
0.6415303
4.417158
1.822098
0.290504
1.029847
4.152313
0.9278885
1.767448
1.315982
3.278057
0.03729975
-2.235722
3.13075
2.59831
4.370262
2.209161
0.626843
1.561159
4.815719
3.400205
2.348321
4.074105
-0.3898213
1.863024
2.75026
1.740658
1.087779
1.260205
0.5245843
2.722487
0.519962
1.329906
2.694964
4.373807
1.931782
0.7496893
-0.3492456
4.923431
0.03512744
2.544778
-0.428894
2.418566
0.1486125
3.659014
1.141042
2.082898
6.27937
3.635219
4.860711
6.194246
2.091824
2.068618
2.746272
1.392369
1.886019
-0.7445421
2.537597
0.8205547
2.754024
2.30164
0.1348716
-0.04138726
1.07061
0.2382409
1.942696
-1.984245
4.548294
3.981792
4.22446
1.585687
5.709574
3.880979
3.475431
6.372208
-0.7418189
5.128056
2.186618
-1.19071
3.619555
2.942666
1.01617
1.543183
4.099616
0.9378868
1.162583
0.2926727
-0.5625995
4.31609
0.9108196
2.768123
3.035559
-0.4087466
0.2124165
0.1880223
-1.075317
5.419576
0.835562
0.2717065
2.603357
-1.476461
-0.1198421
1.764064
1.615149
-1.29753
-1.658486
-0.3391183
3.012563
1.053241
1.984257
1.178301
3.950641
0.2210506
0.5903359
1.482734
0.7604904
-0.1367538
4.275882
2.758674
2.13377
2.409958
5.630682
1.565239
1.218984
5.059522
1.021539
0.716735
0.3613802
-1.968952
-1.059444
-1.145604
0.7150903
1.49066
0.4630548
1.720896
2.599311
4.711302
0.05080655
2.33342
3.613727
0.8576092
7.079931
0.9817451
1.220286
0.3998293
2.302867
1.225686
1.90666
3.974289
7.455033
0.9302109
2.654596
1.355813
3.22986
8.056127
4.21519
4.537102
1.56143
2.5645
0.6099609
-0.7546253
5.207048
0.3843239
2.51723
3.472295
-1.451733
-0.7981993
3.939281
2.614345
1.996464
3.486178
0.5704123
4.815292
0.9974176
1.673157
-0.1845631
2.718275
-2.551296
0.5934173
6.509091
0.9280277
-0.8821918
3.90809
3.68501
3.393818
2.01578
2.938877
-0.1110846
2.654692
1.303214
3.763045
-0.2400191
2.759193
2.122855
1.627331
-0.2769797
1.241376
2.317722
-0.1227516
1.086904
1.121779
2.123207
1.869721
-2.077496
-0.4124606
3.426564
-0.1409385
1.673362
1.424791
1.791558
0.3113126
5.752942
5.50126
-1.201321
-0.7075019
0.02540309
2.916297
1.926261
-0.5806417
0.3148417
5.077746
7.327958
4.133877
-0.0876499
0.2332538
3.444373
6.057424
1.840277
3.291999
-2.425667
0.7700415
0.4827163
1.073101
1.846029
1.780661
1.686317
4.128239
-2.691522
4.348533
1.21012
5.75535
-0.1658898
0.5145401
5.941743
1.605831
0.5365664
0.3062472
-0.5903083
-0.5936835
3.131054
1.494745
2.975517
0.314999
0.7977194
-0.651999
1.660275
4.267395
1.407432
2.201237
3.565475
-0.9167626
1.025481
2.341872
2.022319
2.983368
0.3798895
0.5441168
0.3865886
1.102796
3.90461
1.967081
1.891284
0.5444754
5.212649
-1.001029
2.48984
3.931153
1.517259
-1.531205
1.254204
0.434199
0.2090509
2.318895
-2.101138
2.891167
1.128127
1.896482
-1.442364
3.735779
4.849912
-0.8070169
2.792513
0.3946575
2.919938
2.662492
2.082626
-1.577687
-0.4249957
0.2954596
2.155435
3.225626
2.524435
3.987686
1.036434
2.494694
1.672173
5.24554
3.854572
-1.018103
4.861074
5.724227
6.160249
-0.001486015
0.5826307
5.788145
-0.4412465
3.394162
-1.582138
1.853378
3.559038
-0.7796035
3.800574
5.380939
1.691653
4.511959
0.3876401
5.255108
2.377889
1.918168
-1.920061
-0.2655421
2.141824
3.290933
2.974657
3.451864
-1.686584
1.685788
1.321897
6.083956
0.5546801
4.274445
-1.036172
1.875018
2.557144
-2.304318
1.233797
2.845853
3.546787
6.229869
0.6527852
1.616905
1.379508
2.268977
0.9385422
5.031563
-0.4907344
2.473599
0.8888316
2.402246
-1.446801
3.544501
7.798022
0.003019734
3.432206
5.291707
2.910605
4.236628
0.8741346
5.161517
0.7819715
3.330628
1.94714
5.271909
2.141463
2.586076
3.40843
-0.1316044
0.9926429
1.102214
3.584652
1.026107
1.095856
0.8496461
6.016983
2.716294
-0.8150604
2.302247
4.170941
2.246914
4.687292
2.735828
1.240382
2.708437
0.6108825
-3.315302
-0.7131887
3.660827
-0.6928423
2.303998
1.987645
2.797231
1.98558
3.634607
0.8650536
2.322209
1.02179
2.738043
1.192727
2.87603
4.052183
4.697125
2.497235
-2.647816
2.25662
3.484535
2.407757
1.11346
3.663561
4.092448
1.121917
2.091859
2.846743
1.323041
3.186493
4.302028
-2.542716
-1.894929
1.3974
4.116395
2.60405
1.54974
3.137994
4.766907
-1.624663
3.721555
2.24771
0.3837532
3.247324
3.269655
-1.43969
4.597259
4.192718
-0.4566751
3.614686
6.572049
2.754451
-0.7015018
6.506566
1.1284
-1.888216
3.301882
3.542263
2.813757
-0.1789375
1.244032
-0.1114392
0.6760961
1.489116
-0.1151224
0.08637193
-2.328646
-1.624864
5.885802
5.053096
1.212889
5.191871
-2.667159
1.529851
2.680023
3.039367
1.380755
2.439307
3.061264
-2.608537
1.726833
-0.1386135
5.007282
0.2106521
1.326019
5.96458
1.654278
0.2676722
0.5993285
1.110753
0.1537206
6.997023
2.610154
-0.898871
2.61729
5.58209
0.2659117
0.8832366
0.8284786
6.307998
1.666391
0.4041624
1.660869
1.20427
1.906778
3.362055
5.944997
2.919026
0.5227658
1.878526
5.836611
1.03096
0.9900415
3.133184
-1.940426
0.2537782
1.06224
2.238251
0.8436261
1.09391
4.011182
1.142955
0.6626535
2.345274
0.1994957
3.892777
2.103385
1.746348
0.7531068
3.25175
0.3347459
-0.1024292
-1.535448
0.2254041
6.652002
3.253199
1.864291
0.6632412
2.547909
0.8952371
3.844126
-2.146709
3.492868
-0.2117911
-0.02367593
-1.840297
0.3017017
0.8059894
1.177159
3.808792
0.2923183
3.403661
2.34309
-0.08904486
4.334328
-0.01567369
2.216205
4.734113
3.857849
4.280925
1.812527
1.31028
0.8298874
1.14198
-0.6717798
0.1695536
3.167272
1.990753
1.68583
1.210832
0.6681924
1.474177
-0.3997585
2.075909
1.778498
2.800448
3.649635
2.481945
3.875541
3.220605
6.570265
0.6056495
1.127793
0.05034315
0.7706934
0.8129726
2.138504
2.366298
-0.3006634
3.46923
3.820103
3.776913
0.919406
6.026425
4.425959
-0.1095813
-1.540008
1.521545
2.003813
1.976251
0.1134936
1.522622
1.045241
3.68535
0.8547784
2.370219
-1.755872
2.746463
0.7623273
1.381055
3.747763
3.457925
6.880899
2.375942
0.2613599
4.191336
-0.5190711
1.142168
1.079084
-2.568861
3.024978
-2.208469
4.304247
-1.588241
0.5459751
3.114807
5.956882
-1.875336
1.205904
-0.308071
1.25714
1.704086
4.791312
-2.037044
3.40046
0.920455
-1.726783
1.541315
3.296741
6.350694
2.600883
3.633105
2.046388
1.583529
2.608026
-0.1335692
2.297956
0.639928
-0.1076213
1.427619
1.530252
1.246958
1.622134
2.193496
3.637591
1.444544
5.036229
-0.2533462
-0.6154828
2.884486
-2.353259
-0.151681
2.178016
-0.5105575
3.093492
1.873327
-0.05633851
0.1767998
-1.06151
0.9718401
4.274789
6.190224
2.408798
3.698099
-4.488137
-1.481469
2.112967
3.892215
6.013941
3.884344
2.148429
0.454608
1.000331
3.354496
0.3435581
3.714696
3.784357
-0.84465
2.361181
1.977641
0.0472582
5.961621
4.562117
0.659637
4.506049
2.38924
2.227757
1.784715
1.393205
3.563385
1.277558
2.266218
4.409491
-0.9642707
4.70051
-0.2690451
2.840217
-0.785393
0.536218
3.21583
4.774448
-0.05742125
1.628483
3.146479
3.711461
-0.3894989
-1.352282
1.936214
1.699408
-0.3837342
3.005741
1.353189
2.152554
-2.129276
1.41794
2.316503
2.102199
5.675064
1.69853
-0.06628943
-1.397088
0.8457299
0.1311136
1.69728
-0.4989404
3.715104
2.217335
4.868
5.031711
-0.637791
-0.7122158
1.493113
-0.5035456
1.868749
-1.34058
1.522209
1.456044
1.453424
2.181111
3.724235
5.510031
4.438553
-0.1695098
4.686237
-1.190161
2.932144
0.5802395
4.213184
1.005857
2.116004
4.102796
3.490715
0.3371986
0.351934
0.4432997
1.197631
2.013593
0.1603926
3.648977
3.444628
2.196898
1.682808
2.683986
1.505173
0.3799062
2.800437
1.144481
2.94021
4.854423
-0.400535
3.885265
2.147443
0.5728909
3.030309
-0.9866182
2.228012
-2.579685
1.000873
-1.197762
2.805547
-0.4708696
3.521105
3.044573
2.874639
1.037611
1.935602
0.9524972
5.146456
0.1841812
3.222358
0.8172123
1.874815
2.314493
-0.5397081
4.386136
5.001817
-0.3233101
-0.7680534
5.005574
2.992821
2.865648
6.422396
0.3903514
3.062692
-0.7264546
2.240993
-0.02109294
6.713901
5.40094
1.479573
-1.076006
1.579209
-2.418079
0.6838717
1.472261
-0.5934871
-3.119353
1.164932
5.371964
1.632274
2.42164
3.816643
0.764007
1.430641
4.419848
3.093375
-2.135912
4.283883
-0.1321803
-0.8838822
3.845854
-1.601002
2.060712
4.730712
-0.6956467
1.826236
4.903985
4.866389
1.543571
1.039051
3.908107
-0.8562181
-0.748625
4.28788
5.263626
3.001293
2.905856
2.434633
3.164574
1.748476
3.967951
0.1865954
3.629696
1.305757
3.019891
0.6551584
5.598237
1.921917
2.483351
1.532225
1.80197
2.871543
2.047197
3.940398
-0.3363737
2.399415
4.193982
1.57989
0.9208165
5.174924
3.132067
2.718054
-1.704982
-0.03489241
-0.8769884
-0.5304671
2.664494
2.557853
-0.9930332
3.646619
8.868628
0.5090983
2.192086
3.176573
2.605125
-0.3317428
-0.1773366
-0.6961417
3.894348
2.289159
1.534297
3.614313
2.104434
4.743491
2.461054
4.054621
1.485757
0.149432
1.818208
2.273917
2.392738
4.8399
3.760906
3.017592
2.471667
1.498323
6.916659
0.002511691
0.1508965
2.076662
4.03629
1.430249
6.333419
2.784844
4.324853
3.21384
1.556698
-1.850505
-0.2775066
0.2611397
1.057173
-0.2248911
1.45723
2.777359
5.383534
0.4920379
-0.07339574
2.450083
0.2142654
2.399886
4.230498
4.324698
1.591296
-2.796666
3.84433
0.0800184
3.937504
3.007698
3.029128
-2.147272
2.295018
3.737819
1.791717
-1.241541
1.098596
2.492814
4.310049
2.455592
0.4335153
1.827152
2.062915
4.594113
1.605679
-1.275169
1.37839
0.2727807
1.75142
1.038496
3.060176
3.450216
2.53069
1.925628
2.412956
4.345596
2.830965
7.524217
4.883613
1.430447
0.9760115
-2.437571
0.3437354
-1.655747
2.199076
-0.5534386
0.4361879
2.234319
-1.229955
3.067649
2.899446
3.34873
0.7686119
0.7955923
-0.4150814
0.6946135
1.058219
0.0556973
2.038869
1.518299
1.511092
2.730135
-0.08444053
1.333642
0.7000211
1.604011
3.650721
-0.16846
4.157744
0.03380396
1.51894
0.3119392
2.521204
0.8566244
0.9702438
-0.3402245
5.631037
2.451757
-1.265186
0.4248968
2.485398
3.382245
2.861435
1.37165
4.649763
-0.2759868
1.163294
1.336724
2.358059
-0.1908708
0.8354505
1.924148
2.796794
-2.687201
3.469976
2.236034
-1.079985
2.782889
0.3035408
2.341665
0.6680441
0.3250266
1.476548
1.497542
5.032877
2.37112
2.101715
4.65992
0.8851056
4.75889
2.547801
2.795256
2.132501
0.4616943
2.900596
4.862254
1.973242
1.095464
5.016833
-0.5063079
-0.3808574
3.35505
1.697793
4.213679
3.815109
0.2615923
2.573627
-0.5014124
3.353447
2.70126
1.982302
1.299546
2.584775
2.305508
-1.540452
1.579445
6.679054
5.000338
2.075142
1.850733
5.358043
-1.797902
3.742287
7.237937
0.06316986
2.447885
5.914537
-1.41178
2.371988
2.348977
1.557096
0.4917248
4.930575
-1.695849
3.093915
2.650708
2.481211
2.464467
0.2051818
2.031596
1.175026
3.655481
5.446123
2.080021
0.7905452
-0.4167235
1.098823
3.04859
0.5242952
3.234691
0.4614394
2.72142
1.569389
-0.8730585
2.744233
3.723325
0.6559101
3.567293
1.216068
0.5928142
0.5197194
0.3188576
4.561306
3.626874
3.880975
0.9686938
2.879151
3.454921
5.435665
5.052247
6.236425
4.520764
5.508037
4.206324
0.4010929
-0.1773918
-2.089779
3.108802
1.610937
4.693989
-1.098376
3.407934
1.886541
2.795435
3.894502
0.1018041
4.910894
2.52884
3.718947
0.674127
3.295732
-0.02830923
0.5044918
2.905938
3.124895
3.256862
-0.3974927
5.941448
6.66294
-0.5571187
5.464961
1.039867
0.1005508
0.8250366
-3.385458
-4.419002
5.248013
-0.6591037
2.280774
-4.043475
-0.9311554
1.404319
1.206901
-0.6311264
3.991279
1.856616
2.990522
5.912318
0.1421365
3.730428
0.433462
5.716248
0.8690129
4.604542
0.905908
2.679322
1.616055
-1.097925
0.5312508
2.721712
1.883864
2.425572
5.8283
4.764005
2.921572
0.9450678
0.9324698
-0.2514355
1.013262
3.720497
-0.6166834
3.862931
0.3359153
3.070597
2.306027
1.985153
7.330213
-1.116475
4.999928
3.61269
0.2542812
-1.270635
1.903423
3.763017
-2.211652
0.1244851
0.3699732
3.855016
2.256438
0.7237192
6.236813
-0.2861329
1.199262
0.3496393
2.261302
4.889131
-0.4011153
1.430542
2.440556
2.919349
0.293651
3.840688
2.132949
1.012424
5.277328
3.598985
3.188211
3.60403
-1.505278
0.4614993
1.152372
1.868544
3.171765
1.719815
-2.420696
0.7421132
3.26585
0.6254098
1.038472
2.884311
2.280361
1.831693
3.436988
6.011735
3.546965
-0.8868676
1.033527
0.8607668
1.128352
0.4863279
3.018304
3.103466
1.409207
3.250551
0.1542731
1.985434
0.5573975
2.159521
3.349145
1.739296
3.3301
2.040813
-5.715392
2.084154
-2.729788
-1.83961
0.7354885
4.162049
1.117229
2.417835
-1.482226
0.8453902
4.464811
1.293268
0.42091
-2.800033
4.662864
3.194236
1.285873
-1.030189
-0.4861478
0.8171652
-1.325756
-0.2926958
1.329151
4.997775
1.569815
4.529118
-0.4725299
2.084233
-0.7142366
5.523401
2.23071
1.610388
1.203531
3.018878
1.975314
4.173394
5.774403
4.013453
5.623094
2.658673
2.632053
0.6892424
1.896487
3.865141
0.4215285
0.8882835
2.46044
1.88743
2.540559
5.408229
-0.7343982
3.525852
2.89515
2.782232
-1.348424
3.512216
3.669391
0.2918617
-0.1414167
3.425304
2.062588
1.862799
-0.271037
1.517373
2.440382
1.1835
5.828637
1.098096
3.025257
3.726907
6.36258
2.480821
1.383146
2.644606
4.824488
-0.5780887
0.5814956
1.349343
-2.240238
-0.6905741
2.184749
0.2790017
4.541811
2.757604
1.88709
5.027199
0.725516
5.59432
0.6543761
3.14166
1.283691
4.574343
1.233221
3.023567
3.381553
5.732065
1.809821
1.806644
-0.1573098
-1.740915
5.289606
4.78859
5.112575
0.732455
2.595462
4.156004
1.686031
3.031588
3.594152
-0.4888558
0.5431585
3.567453
5.754721
-1.373363
-0.8952635
-0.7804057
2.287419
1.933269
1.757692
2.128192
0.4967661
0.09736515
4.570189
-0.8645311
-1.276716
-0.09645114
0.4059522
0.9946229
-1.540865
5.644188
-0.8824975
3.709046
2.007233
3.22968
-0.04332194
0.7156399
1.546324
0.3825319
-0.7468443
6.246742
1.690563
2.35416
4.826996
2.565463
2.194481
2.756681
2.205137
1.392485
2.529011
6.434003
2.279876
4.475332
-0.3349267
1.29933
2.972436
3.093974
4.554419
1.904855
-1.01625
7.150356
2.064245
0.8933677
-0.3792081
3.175256
2.513018
0.7189841
4.966701
3.270106
1.635057
3.409744
-0.8632313
-2.899283
3.653079
5.444863
3.047919
-0.07437169
5.177029
-0.8137083
3.921823
2.248172
-5.940606
3.547087
1.326612
0.2160582
-1.294101
0.3434221
5.843522
4.772273
-0.3940961
1.598293
1.777731
2.470084
2.448047
0.8068363
1.533778
-0.5505394
-0.9652691
6.520546
3.521344
1.162103
1.420478
4.16075
1.172734
-0.8930581
4.980726
3.93161
3.868506
1.009219
3.498028
0.1309585
-1.028757
2.85108
2.602405
4.721394
2.393245
2.906553
2.40313
1.429069
1.566176
-1.377382
1.585453
1.505216
3.488409
2.13674
1.445367
0.8389323
0.2899539
2.08345
1.279687
-4.117249
1.314459
2.685622
2.93677
2.130002
-0.1437268
1.145569
2.600548
2.740098
1.46922
1.795293
3.003909
1.223491
-0.416578
2.106321
3.752
0.7991017
1.612231
3.278615
1.936503
3.443177
1.911371
1.472656
4.285234
1.839631
0.9883393
2.464161
-0.956166
3.15244
2.454942
-0.7239621
1.904033
1.149577
2.769871
4.969839
3.916026
2.592372
1.616837
5.457429
1.24535
3.981837
0.4073775
-0.04524474
2.104806
5.276016
4.150323
1.845461
4.393414
2.008156
3.089732
4.333843
2.231286
2.355146
1.015958
0.9115414
6.160807
4.458853
0.9633968
-0.3069848
3.529505
6.986803
1.192204
-0.8385128
3.85671
0.845626
1.915787
1.887535
3.368324
2.754235
4.45409
0.9145255
-1.307147
4.167738
-2.069671
2.442347
9.319347
1.159448
3.724934
2.563493
1.993152
2.598819
3.408082
-4.846709
1.073447
3.401612
2.903341
0.8259722
-1.570925
2.904507
2.166793
-1.735106
-0.02990247
1.19324
2.045599
1.585072
0.5579667
7.718882
1.242453
1.743476
1.43108
5.628819
-1.316543
-1.067679
-0.6421009
0.2323162
1.864425
2.019277
-0.3179035
1.650874
3.172996
0.8941364
0.4367626
-0.4677398
3.954949
-1.302586
6.020924
0.5056308
8.386724
4.44295
3.461426
3.463067
2.527042
2.148495
0.07369599
-1.268612
1.597726
2.097469
4.997145
3.362353
2.685534
3.825613
1.110286
2.660029
0.2394922
3.621224
2.59474
1.510371
0.6930143
4.048823
1.20906
2.464971
-1.40033
-0.3828649
0.7466422
6.505816
1.555184
2.119672
-0.4589657
2.776561
0.8295769
3.341611
1.863991
3.535395
2.598262
3.88771
1.969082
0.5992118
-1.076252
3.495322
4.041233
0.2830048
-0.8946965
-0.702142
6.073452
2.987431
3.010157
2.394066
0.1347716
-0.04942379
3.574701
1.182617
1.46554
1.587956
3.237209
3.118801
1.837916
2.114587
-0.7108567
0.3897775
1.564746
3.222411
2.43672
3.88769
1.844455
3.434742
2.26603
1.493385
4.637935
1.403796
1.957899
3.11452
3.046776
3.837614
1.489437
0.4012915
1.252866
2.983498
3.570528
2.257197
4.270535
1.587527
-0.9971884
0.7830525
-3.00394
1.348747
2.757386
1.065768
2.696176
1.944753
5.055667
0.3686261
2.625428
-1.700513
3.24896
2.460291
2.990136
3.860216
-0.6017834
3.038988
1.816103
2.884984
1.53162
1.320896
0.09393742
-0.4042728
1.434681
2.415022
2.15068
2.319156
0.9207355
1.677236
2.48778
1.66281
-2.151954
2.297577
0.4427744
3.430701
4.312605
6.049178
2.380188
-0.3178779
5.79745
1.196345
2.540751
2.993542
1.132489
2.487522
2.676696
2.386456
-0.3546376
3.583428
7.40255
2.742751
2.650922
0.9178886
0.5394227
3.331043
4.304292
2.019836
-0.1848357
-0.4043874
0.9319258
-0.20434
2.313494
4.128469
1.306367
3.434025
2.951642
0.9020879
2.707063
1.222008
2.193556
1.538673
3.736213
3.594222
-0.07381181
1.306264
2.626317
5.201481
